# MOND N-body snapshot at t = 1.201 Gyr
# id x(kpc) y(kpc) z(kpc) vx(km/s) vy(km/s) vz(km/s) mass(M_sun) type
0 4.418895 30.513917 32.929635 -39.633 95.097 57.356 5.000e+07 1
1 8.693302 21.946723 30.936177 -103.420 210.361 9.069 5.000e+07 1
2 21.107151 -20.451459 11.350297 30.806 -34.005 -4.816 5.000e+07 1
3 2.642936 26.642047 32.038176 4.863 -73.736 180.722 5.000e+07 1
4 1.730476 33.042180 30.543491 71.497 71.015 -25.618 5.000e+07 1
5 4.797918 27.772070 32.937721 -142.201 8.925 225.689 5.000e+07 1
6 12.573588 31.823670 38.262727 90.156 85.825 18.410 5.000e+07 1
7 2.193772 33.675783 44.730292 -27.512 -32.310 -95.223 5.000e+07 1
8 5.561394 23.799829 30.642807 139.153 5.301 1.470 5.000e+07 1
9 6.436175 28.730338 33.314852 -17.638 57.911 36.650 5.000e+07 1
10 4.008337 27.517689 30.912582 373.326 -143.473 82.128 5.000e+07 1
11 1.420701 24.323578 31.616935 -9.559 -286.740 47.341 5.000e+07 1
12 3.524006 30.462799 32.687084 2.215 63.503 -135.603 5.000e+07 1
13 5.337690 29.765515 31.755586 -31.284 307.957 55.707 5.000e+07 1
14 -26.580728 -6.385748 16.084898 -9.788 -8.714 16.933 5.000e+07 1
15 5.606523 30.557838 34.323550 -118.131 -8.585 23.601 5.000e+07 1
16 6.336282 28.181387 34.106848 147.321 72.966 72.920 5.000e+07 1
17 2.004446 27.240409 34.486607 38.453 -56.090 -314.892 5.000e+07 1
18 3.016445 28.939594 29.799157 -13.871 -21.996 66.787 5.000e+07 1
19 4.230667 26.932126 31.065923 -87.211 242.929 -74.257 5.000e+07 1
20 5.466784 28.978976 34.751337 47.892 -13.277 -27.971 5.000e+07 1
21 2.162502 27.431456 31.135083 -159.492 -79.219 176.306 5.000e+07 1
22 4.239108 27.467737 32.241189 221.453 -32.145 -39.507 5.000e+07 1
23 3.257609 26.857407 32.584166 93.192 -123.803 -146.226 5.000e+07 1
24 3.424664 28.553358 32.670365 -71.261 -241.349 1.394 5.000e+07 1
25 1.599065 28.739318 33.047933 -11.401 180.753 -42.314 5.000e+07 1
26 6.564438 41.748822 36.121984 25.577 239.984 175.370 5.000e+07 1
27 5.094462 26.835642 31.042770 8.073 9.966 105.171 5.000e+07 1
28 4.093848 24.338209 33.643639 14.676 63.174 231.311 5.000e+07 1
29 4.942982 25.799247 31.225053 154.429 -108.925 37.230 5.000e+07 1
30 5.345123 25.927442 29.982014 -62.186 204.221 57.277 5.000e+07 1
31 3.012932 29.133055 31.560638 104.809 193.119 -270.284 5.000e+07 1
32 6.441478 30.065476 28.751974 -104.602 -24.381 -46.933 5.000e+07 1
33 5.062568 28.386108 31.589425 8.933 140.749 220.397 5.000e+07 1
34 7.059201 26.595070 32.192748 86.267 38.947 -120.872 5.000e+07 1
35 6.768477 24.895872 29.049581 166.451 -83.752 -14.669 5.000e+07 1
36 3.834898 24.315276 33.583877 -114.088 -7.675 10.956 5.000e+07 1
37 -3.895976 14.764274 39.704362 -35.875 -27.498 -13.774 5.000e+07 1
38 3.108828 27.474333 34.119033 -96.785 -48.736 -117.573 5.000e+07 1
39 -0.103362 27.870408 33.148634 -71.215 -167.100 42.910 5.000e+07 1
40 2.863991 30.557368 31.136471 -129.956 4.106 150.794 5.000e+07 1
41 5.954571 26.929933 34.475399 -78.114 124.853 241.998 5.000e+07 1
42 3.750622 23.905205 32.523308 126.810 144.954 6.887 5.000e+07 1
43 -94.441038 40.309924 38.779959 -24.599 41.108 33.321 5.000e+07 1
44 15.525209 33.077402 48.133429 123.545 43.317 200.383 5.000e+07 1
45 6.276970 28.555386 33.506472 -86.265 199.270 -48.583 5.000e+07 1
46 2.805120 29.237495 32.054383 133.522 104.595 40.022 5.000e+07 1
47 4.938499 26.814334 30.673983 194.235 167.110 -6.725 5.000e+07 1
48 4.654220 28.718409 32.701895 -70.199 -80.220 -87.762 5.000e+07 1
49 3.970597 27.548249 31.690027 1.275 174.857 197.376 5.000e+07 1
50 4.021087 28.681936 32.021064 35.756 48.036 95.944 5.000e+07 1
51 0.617169 26.613552 31.511699 124.079 -12.926 -87.288 5.000e+07 1
52 10.201969 27.224073 32.618071 -217.749 79.312 195.321 5.000e+07 1
53 -52.300718 47.867337 -9.175988 -170.752 128.352 -85.432 5.000e+07 1
54 4.998832 25.684533 31.854125 270.834 231.118 52.345 5.000e+07 1
55 1.799574 27.435134 33.037669 -130.592 -118.759 57.839 5.000e+07 1
56 3.214164 27.464859 31.376213 162.448 -6.932 187.838 5.000e+07 1
57 5.136826 28.159017 30.807356 -6.075 56.770 -63.456 5.000e+07 1
58 6.417743 23.333974 33.586017 -36.037 79.265 -17.268 5.000e+07 1
59 3.576073 27.918963 31.007283 104.381 -201.189 -23.642 5.000e+07 1
60 4.694530 31.204032 36.124344 9.909 90.267 165.528 5.000e+07 1
61 4.067768 28.890811 30.932352 -193.258 28.017 2.422 5.000e+07 1
62 3.837710 29.030836 31.390313 98.854 63.642 -165.405 5.000e+07 1
63 0.180749 29.250633 30.612114 -47.909 17.594 -91.477 5.000e+07 1
64 10.037048 30.286449 29.382852 155.751 139.748 8.590 5.000e+07 1
65 17.994601 40.849227 36.626849 -74.652 -2.922 40.647 5.000e+07 1
66 1.863368 26.520402 31.660967 258.015 -217.261 -11.128 5.000e+07 1
67 -4.179173 33.233231 28.786503 -292.183 186.317 -120.425 5.000e+07 1
68 18.189185 28.206943 29.817079 -1.909 65.237 22.255 5.000e+07 1
69 7.696436 34.941455 31.227815 -37.833 156.652 24.470 5.000e+07 1
70 -0.189171 19.218939 33.847596 -36.019 -63.002 14.297 5.000e+07 1
71 -1.174902 30.616463 35.292385 60.608 -45.955 -93.276 5.000e+07 1
72 1.891942 28.191312 30.695970 12.855 34.999 148.233 5.000e+07 1
73 3.830795 28.383176 32.542158 -71.806 2.900 -97.053 5.000e+07 1
74 3.973369 27.481198 31.081459 167.971 -162.024 -116.717 5.000e+07 1
75 1.042767 26.887196 32.442036 47.163 -71.466 -145.802 5.000e+07 1
76 2.964552 25.138003 32.144787 53.400 307.625 -46.381 5.000e+07 1
77 -0.182363 31.375247 32.308804 -290.004 27.836 16.107 5.000e+07 1
78 6.104528 29.283681 31.790790 -41.683 109.244 -51.769 5.000e+07 1
79 1.944513 28.105017 32.011351 133.856 -106.227 83.405 5.000e+07 1
80 2.755928 26.802901 31.240565 -194.925 5.948 2.041 5.000e+07 1
81 4.929631 30.212773 32.269346 40.158 -47.188 -100.676 5.000e+07 1
82 2.837758 28.943212 31.885061 206.217 -34.578 90.241 5.000e+07 1
83 10.934707 27.018554 31.786637 96.729 30.386 -60.433 5.000e+07 1
84 4.478155 28.176793 31.326925 -87.014 83.999 77.282 5.000e+07 1
85 3.661367 29.622795 31.584848 -294.674 -158.300 -41.624 5.000e+07 1
86 8.101463 26.284245 30.158462 173.649 265.922 -10.488 5.000e+07 1
87 4.109890 26.810181 29.781371 -109.817 309.914 84.115 5.000e+07 1
88 7.424646 27.767922 32.205642 49.991 122.161 15.872 5.000e+07 1
89 7.583225 26.390590 31.535875 -59.010 285.846 -149.701 5.000e+07 1
90 3.121170 41.028757 23.827399 -17.365 2.908 -6.478 5.000e+07 1
91 4.611711 30.995879 32.664113 -69.472 -123.600 137.951 5.000e+07 1
92 0.461202 27.059558 31.875136 40.047 -184.006 78.809 5.000e+07 1
93 1.771697 31.833714 34.230105 -77.010 -91.066 -105.451 5.000e+07 1
94 3.901636 25.531142 31.695213 56.014 -114.743 -89.621 5.000e+07 1
95 7.038628 24.936438 29.438247 178.759 -26.489 67.768 5.000e+07 1
96 5.221669 28.298622 32.533299 58.079 -148.422 -165.845 5.000e+07 1
97 6.526558 40.393251 33.168587 -40.089 79.536 39.646 5.000e+07 1
98 3.865765 26.667139 30.859699 81.141 160.067 91.216 5.000e+07 1
99 -0.457537 36.899290 30.374220 -29.340 65.871 68.050 5.000e+07 1
100 5.236576 33.581586 32.101152 -46.155 78.988 125.971 5.000e+07 1
101 6.163431 24.189425 36.513846 119.746 1.250 100.439 5.000e+07 1
102 69.093672 -321.356470 30.875329 -19.400 96.866 9.239 5.000e+07 1
103 1.475606 31.379871 34.087368 -78.560 3.114 44.779 5.000e+07 1
104 4.965010 28.848487 30.591770 -39.407 122.307 -134.906 5.000e+07 1
105 7.666706 28.536317 32.277487 -296.996 76.966 222.719 5.000e+07 1
106 3.873950 22.090342 33.379247 -21.402 322.549 -132.404 5.000e+07 1
107 -1.462084 31.649085 32.239824 -18.606 -201.101 -45.359 5.000e+07 1
108 0.002366 23.881030 34.267275 123.724 101.130 69.450 5.000e+07 1
109 10.870855 24.912906 18.311824 -18.585 66.376 187.300 5.000e+07 1
110 5.065446 27.548501 32.719385 -110.439 209.539 -16.154 5.000e+07 1
111 3.336635 28.988424 31.623470 -84.393 86.694 248.759 5.000e+07 1
112 2.734609 22.637787 32.780285 84.512 -22.343 105.714 5.000e+07 1
113 4.938376 28.538853 31.123300 199.780 208.682 -25.123 5.000e+07 1
114 4.078058 29.114742 32.550685 127.228 5.711 -243.939 5.000e+07 1
115 13.783455 28.632162 33.202244 -80.449 210.950 71.523 5.000e+07 1
116 3.878607 28.333207 31.787588 -40.369 -177.782 -236.172 5.000e+07 1
117 6.059581 28.980448 31.258231 -14.776 77.020 138.999 5.000e+07 1
118 1.418125 28.587863 31.638791 -42.395 -81.727 -89.715 5.000e+07 1
119 3.091443 28.105057 31.377452 -19.377 -54.974 -222.049 5.000e+07 1
120 5.764932 27.008616 33.045471 -5.129 91.629 -20.328 5.000e+07 1
121 8.510478 24.280047 33.569757 87.735 -21.000 -16.828 5.000e+07 1
122 9.155494 30.929284 33.279658 263.390 131.899 156.023 5.000e+07 1
123 -149.173532 -112.748100 -262.678394 37.564 31.610 89.483 5.000e+07 1
124 2.894402 26.684933 32.398551 8.130 -86.056 33.528 5.000e+07 1
125 4.664051 28.225943 31.081656 -192.812 42.305 -47.546 5.000e+07 1
126 5.184647 44.689897 32.112363 -82.864 -41.261 21.137 5.000e+07 1
127 9.933194 37.428066 35.187667 81.137 161.654 149.627 5.000e+07 1
128 1.042572 31.897560 32.627798 39.588 -44.734 -17.347 5.000e+07 1
129 3.541894 28.592503 30.549967 -19.262 -168.645 -75.031 5.000e+07 1
130 2.822423 26.687434 32.914450 -139.638 -54.333 200.390 5.000e+07 1
131 2.925954 30.916353 30.846871 -91.971 100.216 15.309 5.000e+07 1
132 5.077413 27.125968 27.847427 -8.916 86.298 169.010 5.000e+07 1
133 4.776422 28.940178 32.071253 5.035 24.258 8.173 5.000e+07 1
134 3.558146 28.228871 31.295005 157.628 301.293 -82.524 5.000e+07 1
135 4.075291 28.606912 31.669053 -94.464 34.469 -293.213 5.000e+07 1
136 8.287279 28.654689 33.199015 67.135 175.152 16.337 5.000e+07 1
137 3.357372 26.730879 34.634997 -83.274 22.610 12.251 5.000e+07 1
138 -4.649130 34.588518 34.902665 -18.647 34.499 89.103 5.000e+07 1
139 2.711391 29.182117 31.701239 -104.482 -13.673 -100.026 5.000e+07 1
140 3.905730 28.217691 31.631410 -43.846 24.690 25.604 5.000e+07 1
141 3.800751 28.005079 32.379336 -137.620 -0.215 -147.385 5.000e+07 1
142 4.314210 28.588906 30.402444 -139.583 331.116 -183.665 5.000e+07 1
143 3.873579 32.082768 32.224190 99.267 259.732 205.796 5.000e+07 1
144 4.139904 26.088564 31.650731 176.702 20.143 267.654 5.000e+07 1
145 5.260896 26.312039 30.138596 190.680 65.492 -49.854 5.000e+07 1
146 1.632763 26.703462 33.971885 157.145 26.071 100.673 5.000e+07 1
147 2.965446 29.095990 29.484792 -6.740 116.836 77.036 5.000e+07 1
148 6.559609 27.036888 32.066891 80.918 64.814 -115.103 5.000e+07 1
149 4.629774 24.829815 29.712680 -11.130 -39.322 72.268 5.000e+07 1
150 3.963949 28.145603 32.134715 -167.612 140.545 136.665 5.000e+07 1
151 6.727812 35.395002 34.989112 -0.777 165.877 60.667 5.000e+07 1
152 6.731655 24.447238 31.897408 133.606 13.436 11.074 5.000e+07 1
153 1.013656 29.967497 33.593184 -156.173 43.590 -44.774 5.000e+07 1
154 3.742760 27.553136 30.842825 -166.832 -89.943 71.496 5.000e+07 1
155 6.549264 27.607811 30.849381 224.001 -85.751 82.296 5.000e+07 1
156 -7.975436 38.113618 35.554764 -122.822 173.866 97.456 5.000e+07 1
157 5.316970 30.015459 32.665477 -269.808 -221.264 187.237 5.000e+07 1
158 -2.101426 31.886452 28.688147 -152.296 31.044 -62.924 5.000e+07 1
159 5.743040 26.677335 26.858016 -28.482 34.096 -110.493 5.000e+07 1
160 4.486162 24.576008 32.390971 214.585 -77.507 175.059 5.000e+07 1
161 2.314380 29.134045 31.390053 -35.453 -0.760 60.269 5.000e+07 1
162 7.104172 29.194206 31.910384 23.239 167.155 115.430 5.000e+07 1
163 0.476669 29.347303 33.701933 88.818 10.958 -65.526 5.000e+07 1
164 3.727214 27.573124 31.606524 142.423 -12.788 118.963 5.000e+07 1
165 4.322433 29.184121 31.959208 -173.618 -182.143 92.618 5.000e+07 1
166 10.066105 32.651324 35.887129 4.749 6.297 18.589 5.000e+07 1
167 4.463320 21.209957 33.002635 122.951 1.100 -60.013 5.000e+07 1
168 1.733907 24.925917 34.552402 99.206 19.238 55.361 5.000e+07 1
169 4.835767 28.918242 31.229038 -43.197 267.344 -39.306 5.000e+07 1
170 2.451711 27.264312 32.945615 -169.986 -64.728 15.032 5.000e+07 1
171 5.237005 29.485259 31.999740 -32.555 70.680 34.370 5.000e+07 1
172 3.324316 28.107399 31.087840 16.708 165.635 199.937 5.000e+07 1
173 8.982227 26.340830 33.889335 39.122 45.491 -61.345 5.000e+07 1
174 3.788752 27.870802 32.049162 57.531 -93.621 241.039 5.000e+07 1
175 4.914188 28.932253 32.451402 239.967 -27.277 31.866 5.000e+07 1
176 2.207274 25.190301 33.454639 175.428 -4.374 43.042 5.000e+07 1
177 3.164317 28.242601 36.694137 -123.802 22.768 -81.351 5.000e+07 1
178 5.999004 23.763714 33.499243 181.996 -82.546 123.217 5.000e+07 1
179 7.675495 23.441764 32.407701 -41.364 145.975 5.821 5.000e+07 1
180 2.419694 31.148843 30.714953 60.904 -149.723 135.305 5.000e+07 1
181 7.339764 29.731362 32.804024 -95.066 48.740 42.397 5.000e+07 1
182 7.673678 27.114890 34.389388 -4.781 3.219 104.278 5.000e+07 1
183 7.719573 33.181257 30.644456 49.801 137.906 35.016 5.000e+07 1
184 4.554404 18.657028 33.888708 147.420 2.701 -16.376 5.000e+07 1
185 70.947266 43.794372 88.541608 88.679 78.559 100.995 5.000e+07 1
186 11.136764 32.005425 31.355097 16.160 149.873 -100.066 5.000e+07 1
187 3.884762 28.858334 32.103375 -78.930 11.811 -248.059 5.000e+07 1
188 4.578573 29.879727 30.962471 -76.075 103.689 180.578 5.000e+07 1
189 4.157046 28.633189 32.606639 13.338 157.585 -145.305 5.000e+07 1
190 5.116221 28.453766 32.072766 57.396 -13.018 51.861 5.000e+07 1
191 3.125583 26.514629 31.797445 -166.088 -116.912 142.499 5.000e+07 1
192 9.714042 30.130935 31.465713 -50.479 260.524 95.680 5.000e+07 1
193 3.938746 29.968230 31.163026 57.446 -76.594 117.027 5.000e+07 1
194 1.983268 26.048091 23.431626 13.374 71.596 69.328 5.000e+07 1
195 3.395035 28.001322 31.893239 -96.838 3.126 259.614 5.000e+07 1
196 2.144822 27.969437 32.697703 -10.592 -244.699 -186.919 5.000e+07 1
197 3.431429 27.907934 31.231842 72.412 18.971 146.769 5.000e+07 1
198 -6.987347 28.783872 39.940556 0.267 47.063 -71.278 5.000e+07 1
199 3.829192 29.043113 31.329496 25.253 219.663 -2.395 5.000e+07 1
200 -6.007844 35.156502 29.891900 -137.654 -112.088 53.723 6.250e+07 2
201 -2.293438 30.456931 30.516483 115.351 -102.295 44.876 6.250e+07 2
202 3.305949 29.278261 30.776937 -285.008 1.252 7.421 6.250e+07 2
203 4.341661 26.168648 31.635518 -21.795 202.021 -29.628 6.250e+07 2
204 0.940162 29.802017 32.039392 189.273 -163.700 -23.470 6.250e+07 2
205 2.736121 29.149138 31.940019 -101.232 34.816 -45.554 6.250e+07 2
206 -1305.690577 -1136.031851 -73.576547 -1046.820 -910.640 -58.782 6.250e+07 2
207 2.807015 27.321300 32.656496 -1.215 106.611 98.372 6.250e+07 2
208 5.741050 28.380526 32.913504 -100.126 196.964 53.584 6.250e+07 2
209 6.810068 25.531224 32.502364 142.117 129.439 -130.028 6.250e+07 2
210 2.054577 24.795603 30.964816 154.057 -36.672 4.511 6.250e+07 2
211 3.293316 27.826959 30.414315 156.326 -131.496 44.319 6.250e+07 2
212 11.793020 18.973522 34.132429 61.964 161.286 -44.759 6.250e+07 2
213 7.687803 31.744024 32.758042 -52.602 107.072 -36.374 6.250e+07 2
214 3.283512 27.660334 32.127106 29.366 181.312 -168.548 6.250e+07 2
215 4.584708 29.695569 31.677248 39.103 218.596 -94.908 6.250e+07 2
216 8.689838 28.008373 27.262040 -50.965 60.725 89.436 6.250e+07 2
217 6.306494 32.259619 31.441073 -322.084 115.642 17.087 6.250e+07 2
218 2.763777 26.516081 33.339056 -42.621 56.045 234.391 6.250e+07 2
219 -22.654211 8.972590 27.935664 33.826 -26.832 62.375 6.250e+07 2
220 4.721561 28.808684 32.283613 -63.184 -4.113 -192.384 6.250e+07 2
221 4.624238 27.271762 32.094636 205.790 17.710 30.104 6.250e+07 2
222 4.624242 26.417318 31.851536 165.368 -205.645 -93.694 6.250e+07 2
223 2.024802 28.207817 34.083715 -27.552 118.492 -23.404 6.250e+07 2
224 3.909928 28.054040 31.545926 -301.702 31.765 48.383 6.250e+07 2
225 17.071782 325.922579 40.187221 9.706 165.027 28.090 6.250e+07 2
226 6.563346 30.761020 31.205438 -27.640 178.687 72.060 6.250e+07 2
227 2.180109 27.393518 31.144564 340.093 13.485 69.549 6.250e+07 2
228 3.756835 27.064437 30.218026 88.633 -269.645 22.628 6.250e+07 2
229 3.487446 29.235360 32.353273 -12.346 12.483 -90.773 6.250e+07 2
230 0.264317 24.856031 32.535007 156.333 -135.712 64.886 6.250e+07 2
231 4.298257 28.237240 31.569913 71.736 85.578 138.070 6.250e+07 2
232 4.904491 23.733617 30.213522 169.042 18.396 154.436 6.250e+07 2
233 -1.671860 24.381711 33.664250 80.931 -69.204 18.823 6.250e+07 2
234 11.264909 27.586540 28.184804 201.442 53.260 -75.463 6.250e+07 2
235 2.240753 28.204237 32.083673 130.136 83.333 22.483 6.250e+07 2
236 3.894041 29.733976 32.124168 59.516 76.234 45.897 6.250e+07 2
237 4.284191 24.937478 31.309639 245.154 -28.131 6.032 6.250e+07 2
238 0.105739 28.540300 30.594927 -239.323 -264.870 2.277 6.250e+07 2
239 5.712715 28.663543 28.948587 88.800 -20.874 -3.549 6.250e+07 2
240 5.241506 26.395237 32.658389 2.547 361.329 -110.902 6.250e+07 2
241 -1.985986 33.646815 34.467417 3.784 -95.912 62.574 6.250e+07 2
242 1.862307 28.270811 31.632520 -162.191 -159.898 -5.739 6.250e+07 2
243 -5.703207 14.985312 34.659261 74.593 -61.609 13.413 6.250e+07 2
244 5.107585 26.930815 32.321650 50.321 -231.848 105.129 6.250e+07 2
245 4.529896 29.239263 31.950784 -207.736 24.702 74.454 6.250e+07 2
246 4.143713 27.159923 32.142346 -89.644 -127.081 -57.303 6.250e+07 2
247 8.937168 34.008679 34.138308 -94.478 115.550 -32.272 6.250e+07 2
248 0.854113 19.532865 32.522745 187.658 -83.157 38.461 6.250e+07 2
249 1.563611 23.814388 32.414286 118.380 140.621 -61.048 6.250e+07 2
250 2.844786 25.259241 31.276746 189.941 117.743 58.771 6.250e+07 2
251 2.404993 22.978394 32.621630 142.719 41.626 -32.408 6.250e+07 2
252 4.412993 27.786596 31.061546 -56.848 -93.606 147.817 6.250e+07 2
253 6.727424 27.086916 29.316026 86.342 239.553 2.973 6.250e+07 2
254 3.452267 27.845214 32.651004 -6.448 -54.487 30.517 6.250e+07 2
255 3.650045 26.276023 31.355155 -11.875 84.390 223.014 6.250e+07 2
256 3.006823 26.866484 31.137251 117.732 187.932 70.807 6.250e+07 2
257 6.708159 27.653585 32.844516 185.802 68.719 20.349 6.250e+07 2
258 6.132353 28.663621 32.190996 130.885 211.680 197.562 6.250e+07 2
259 5.017817 24.337785 30.682201 178.756 -63.089 -70.083 6.250e+07 2
260 -1.002859 22.662290 36.305550 69.325 -8.637 11.454 6.250e+07 2
261 5.444200 25.528726 31.513226 120.150 202.906 -62.580 6.250e+07 2
262 3.149036 25.761610 32.464962 119.504 -251.645 -5.297 6.250e+07 2
263 -2142.002159 1906.650957 -81.030050 -1733.905 1543.490 -65.924 6.250e+07 2
264 6.231004 28.234844 32.368576 -165.560 246.920 -31.401 6.250e+07 2
265 5.741895 29.612996 29.826738 -180.237 249.445 46.918 6.250e+07 2
266 2.836952 28.894559 32.648518 -26.489 -83.665 99.086 6.250e+07 2
267 4.787482 28.248813 31.746158 -98.156 104.719 -147.613 6.250e+07 2
268 6.400717 21.786404 31.876616 79.273 66.226 61.074 6.250e+07 2
269 8.407394 27.540494 32.832182 22.589 278.347 -2.128 6.250e+07 2
270 0.821713 27.743689 31.706305 174.783 -143.892 210.104 6.250e+07 2
271 2.470683 24.124193 31.280886 78.337 -65.294 -78.948 6.250e+07 2
272 3.242528 27.904205 31.198078 -123.475 -27.663 -86.728 6.250e+07 2
273 0.135482 23.608095 32.205471 289.843 -51.365 20.632 6.250e+07 2
274 4.141796 29.327349 32.326317 71.130 268.406 90.478 6.250e+07 2
275 4.253345 27.883754 31.829805 -56.086 58.663 -97.201 6.250e+07 2
276 -2.176473 26.124802 32.459169 -10.998 -94.573 77.688 6.250e+07 2
277 11.283374 20.148984 34.639724 43.150 260.760 73.397 6.250e+07 2
278 4.148971 27.712492 31.776432 154.033 239.798 -5.493 6.250e+07 2
279 4.519631 21.094858 32.843008 222.939 -39.697 -20.538 6.250e+07 2
280 16.261111 28.976454 31.026524 44.104 160.512 26.177 6.250e+07 2
281 3.933561 28.136381 31.977801 183.381 169.970 -16.307 6.250e+07 2
282 3.479510 33.353330 30.360816 -220.396 231.745 25.998 6.250e+07 2
283 6.779281 29.165764 28.595098 -9.410 101.613 100.209 6.250e+07 2
284 4.968156 28.926372 32.557714 -263.597 13.591 79.878 6.250e+07 2
285 5.191010 27.729443 34.108520 -53.401 57.342 120.621 6.250e+07 2
286 5.947066 26.948374 32.143258 218.897 86.401 -99.876 6.250e+07 2
287 4.520890 25.374409 32.333362 230.275 -169.447 -75.818 6.250e+07 2
288 0.665185 27.099216 31.590624 -128.542 -79.199 -79.073 6.250e+07 2
289 5.081862 19.617048 34.644248 100.087 53.031 28.148 6.250e+07 2
290 1.630138 33.122296 30.836926 -108.116 -142.011 69.953 6.250e+07 2
291 -3.570396 28.386491 28.700402 -15.687 -91.379 89.949 6.250e+07 2
292 9.780612 25.813195 32.657587 89.370 132.740 -6.370 6.250e+07 2
293 7.486428 34.713702 29.351111 -182.480 86.778 -51.317 6.250e+07 2
294 3.710941 28.083356 32.305886 -91.482 -0.688 53.481 6.250e+07 2
295 5.000076 24.705654 32.423843 38.190 27.447 -45.930 6.250e+07 2
296 4.082784 28.363759 33.640078 -35.235 -95.175 7.913 6.250e+07 2
297 12.146583 28.741056 35.236941 47.795 109.176 3.803 6.250e+07 2
298 7.841633 30.407140 31.330715 -122.250 105.690 89.906 6.250e+07 2
299 5.043364 26.421407 32.809078 179.800 38.116 -88.833 6.250e+07 2
300 2.829506 26.853099 32.269256 96.758 248.861 151.161 6.250e+07 2
301 3.597081 25.956176 31.820448 141.962 -184.174 -21.882 6.250e+07 2
302 9.096241 30.380547 29.912404 131.091 192.099 -90.922 6.250e+07 2
303 8.325293 34.269065 30.473300 -86.223 188.141 -83.902 6.250e+07 2
304 3.661087 28.793786 31.773706 -227.542 -100.553 162.955 6.250e+07 2
305 2.276114 33.125703 30.802865 -129.681 19.869 77.324 6.250e+07 2
306 2.649144 31.280681 30.473719 -199.303 -29.230 97.099 6.250e+07 2
307 0.650315 30.729426 30.096003 110.364 -72.737 11.122 6.250e+07 2
308 9.581583 25.384807 32.955519 79.544 231.689 51.400 6.250e+07 2
309 3.758269 29.132685 31.292567 224.540 82.542 -17.250 6.250e+07 2
310 13.841984 23.333918 31.678546 6.918 151.746 1.153 6.250e+07 2
311 19.990254 27.729281 30.387431 107.860 187.355 -3.433 6.250e+07 2
312 5.683388 31.958731 31.351168 -55.645 145.792 111.151 6.250e+07 2
313 3.614245 24.910288 30.443657 125.418 -36.186 49.690 6.250e+07 2
314 2.235850 23.953457 32.356432 -22.571 -77.997 5.856 6.250e+07 2
315 1.416655 24.660079 32.114413 -23.778 -59.642 -18.706 6.250e+07 2
316 3.690947 28.241572 31.295741 159.357 137.146 45.382 6.250e+07 2
317 3.770141 29.934487 33.599808 -200.683 99.148 51.732 6.250e+07 2
318 16.246382 28.988832 30.958199 6.505 220.109 21.301 6.250e+07 2
319 5.674002 30.111246 31.515329 -183.088 137.339 -27.685 6.250e+07 2
320 3.670807 27.154205 31.187057 -143.108 -56.253 -154.216 6.250e+07 2
321 0.833854 27.157695 32.357292 15.697 -124.029 98.971 6.250e+07 2
322 1.197092 27.438399 31.794103 -46.896 -295.575 43.366 6.250e+07 2
323 -10.035496 35.347621 31.893578 7.629 -105.646 14.513 6.250e+07 2
324 5.320135 28.400113 30.139531 -221.407 -36.102 131.637 6.250e+07 2
325 7.735902 30.487350 32.255535 -115.137 85.678 105.536 6.250e+07 2
326 4.232927 27.904741 31.406585 185.666 -144.036 175.044 6.250e+07 2
327 -3.620930 26.850148 34.637932 -102.584 -28.862 21.823 6.250e+07 2
328 7.428478 28.940283 31.924477 -104.551 139.497 121.926 6.250e+07 2
329 4.252396 29.365704 30.909105 -176.613 -66.576 140.228 6.250e+07 2
330 3.023692 30.742212 30.633041 -142.172 -118.750 67.964 6.250e+07 2
331 1.073801 58.770685 46.301090 -49.017 -3.048 11.490 6.250e+07 2
332 14.036315 35.031637 32.414518 -78.011 51.049 68.836 6.250e+07 2
333 3.847341 26.800695 32.006148 102.993 -188.498 183.396 6.250e+07 2
334 5.667267 28.598890 31.692681 -240.269 210.699 59.061 6.250e+07 2
335 4.426574 28.440077 32.403938 -375.119 14.605 -0.824 6.250e+07 2
336 3.202258 27.809806 31.412391 115.762 -129.323 174.065 6.250e+07 2
337 2.395609 25.825826 31.625194 132.309 -123.197 3.973 6.250e+07 2
338 10.853315 28.314428 30.620278 -11.573 102.504 30.682 6.250e+07 2
339 3.513111 27.637294 32.611712 17.736 143.577 -73.711 6.250e+07 2
340 3.433210 28.068864 32.461341 -134.505 -50.996 -85.404 6.250e+07 2
341 7.139566 26.904949 33.315698 26.592 122.335 109.277 6.250e+07 2
342 4.405808 27.862140 31.015871 -43.566 -179.096 -39.722 6.250e+07 2
343 4.058006 25.562763 33.782246 86.658 40.985 65.004 6.250e+07 2
344 4.073590 26.804285 31.195723 294.331 174.956 -219.225 6.250e+07 2
345 15.147659 41.906162 34.646450 -98.620 57.147 24.698 6.250e+07 2
346 -2.026459 29.951251 33.058646 -99.543 -177.311 128.774 6.250e+07 2
347 2.578164 29.901709 32.004794 -263.425 43.600 -120.520 6.250e+07 2
348 1.017155 32.577356 33.246513 -35.346 -19.763 -84.857 6.250e+07 2
349 5.930836 38.809136 30.270605 -202.889 19.264 35.288 6.250e+07 2
350 -25.528836 33.248547 32.884810 -64.463 -17.950 38.729 6.250e+07 2
351 4.534179 28.644909 34.174448 -18.189 -108.901 57.594 6.250e+07 2
352 8.283642 28.712578 31.894939 50.198 150.503 28.838 6.250e+07 2
353 3.579482 24.346526 31.136423 247.983 -33.000 78.845 6.250e+07 2
354 4.409825 28.054710 31.219731 -80.476 -11.727 187.691 6.250e+07 2
355 5.726095 24.911500 34.929381 179.905 -71.715 81.092 6.250e+07 2
356 3.824890 16.892119 29.827055 174.645 16.793 27.776 6.250e+07 2
357 9.579660 31.026842 29.804133 -136.108 137.933 77.558 6.250e+07 2
358 16.168775 37.317290 33.417820 -55.528 114.911 42.544 6.250e+07 2
359 3.732268 28.531313 31.395715 -15.198 91.655 -44.649 6.250e+07 2
360 2.595351 27.458400 31.313355 -62.916 -147.816 217.771 6.250e+07 2
361 11.966008 25.924985 30.585905 43.361 208.665 27.815 6.250e+07 2
362 5.680893 27.236009 30.736105 -34.603 110.549 148.278 6.250e+07 2
363 6.807734 28.265366 33.318332 9.105 -63.420 30.171 6.250e+07 2
364 10.401536 26.162009 31.517676 109.539 328.702 -28.225 6.250e+07 2
365 2.082753 24.483156 31.142563 99.621 -186.947 132.133 6.250e+07 2
366 3.672212 31.686189 31.790405 -244.448 -84.987 55.949 6.250e+07 2
367 1.433412 30.077847 29.956891 227.786 -74.116 168.160 6.250e+07 2
368 9.559484 21.090069 29.810674 55.311 88.348 29.615 6.250e+07 2
369 12.124524 17.375442 34.251890 144.275 73.696 15.020 6.250e+07 2
370 1.684187 34.868307 33.811437 -161.990 52.733 69.277 6.250e+07 2
371 4.737615 28.292421 29.946646 -21.068 109.317 -127.443 6.250e+07 2
372 7.182965 41.803621 31.398174 -197.234 -12.013 29.512 6.250e+07 2
373 9.650937 26.095101 30.051597 104.501 225.805 115.415 6.250e+07 2
374 29.217777 32.452966 41.735130 40.867 88.569 48.625 6.250e+07 2
375 3.884410 30.022518 31.360221 116.145 170.559 37.255 6.250e+07 2
376 3.837634 24.518783 30.315621 79.991 -169.691 60.259 6.250e+07 2
377 0.405247 33.729473 31.593101 -92.879 41.188 -14.269 6.250e+07 2
378 5.955353 26.084321 32.799977 100.359 311.939 0.698 6.250e+07 2
379 4.312718 31.748209 30.019845 -182.863 117.134 -42.401 6.250e+07 2
380 3.929484 28.516280 30.646167 176.541 192.168 145.458 6.250e+07 2
381 1.683266 28.652313 31.707682 18.407 -63.972 -120.405 6.250e+07 2
382 5.355102 26.104625 33.302548 130.561 234.338 -29.062 6.250e+07 2
383 14.281113 39.999331 41.528577 -151.234 12.267 -22.874 6.250e+07 2
384 4.899277 27.125749 31.697510 61.257 -106.202 -16.576 6.250e+07 2
385 3.182368 22.718508 32.821415 91.950 -42.748 28.807 6.250e+07 2
386 2.939497 26.168517 31.990282 139.244 40.360 100.595 6.250e+07 2
387 3.959838 29.201541 31.832153 -68.733 -11.252 -64.859 6.250e+07 2
388 8.597059 28.391921 28.977814 57.449 68.838 -37.805 6.250e+07 2
389 3.828176 28.194369 31.565490 -251.053 147.470 159.923 6.250e+07 2
390 11.957097 26.468405 33.804567 -33.356 154.799 -23.352 6.250e+07 2
391 10.188479 12.826504 31.814120 122.952 -43.441 86.450 6.250e+07 2
392 3.658356 28.934526 32.450072 -53.750 -167.835 161.645 6.250e+07 2
393 2.960075 26.779159 33.225489 60.470 63.163 -11.410 6.250e+07 2
394 7.149174 16.290599 32.820958 110.728 66.979 83.559 6.250e+07 2
395 18.215114 28.419272 32.298615 -17.520 183.728 -7.150 6.250e+07 2
396 3.568143 28.158677 31.512684 211.639 -115.367 -57.225 6.250e+07 2
397 10.017318 28.807217 30.134031 9.617 183.120 82.038 6.250e+07 2
398 -46.048539 6.668341 34.562669 192.908 89.525 7.722 6.250e+07 2
399 1.248974 29.878423 32.907441 -273.982 -68.583 -39.646 6.250e+07 2
400 3.722064 28.603207 31.971111 -81.868 -22.447 -177.430 6.250e+07 2
401 4.761879 28.776961 31.672024 -63.235 -140.386 -82.105 6.250e+07 2
402 3.317997 28.030115 32.145953 -170.287 -143.235 36.917 6.250e+07 2
403 2.964436 27.163154 31.534399 -28.218 -238.743 -65.089 6.250e+07 2
404 1.674691 23.660277 31.667196 23.622 118.368 -50.347 6.250e+07 2
405 4.016361 27.245401 31.984714 135.276 63.381 293.443 6.250e+07 2
406 3.018908 29.160407 29.416284 -178.087 22.632 4.805 6.250e+07 2
407 3.750260 28.335375 31.928906 -4.528 27.266 93.811 6.250e+07 2
408 651.921983 -629.115380 121.029975 502.767 -484.125 94.991 6.250e+07 2
409 8.895136 25.649350 32.913547 139.812 158.702 -32.288 6.250e+07 2
410 1.751838 26.102478 31.975169 193.616 -108.829 59.141 6.250e+07 2
411 4.228954 31.596953 32.471880 -236.483 36.497 -77.759 6.250e+07 2
412 3.767540 27.848059 31.336475 67.035 238.499 130.410 6.250e+07 2
413 3.917211 29.378134 32.978250 -60.205 33.333 -41.752 6.250e+07 2
414 -0.430990 29.984957 29.570564 -30.307 -6.873 -2.473 6.250e+07 2
415 36.980099 -25.029692 24.603926 42.665 5.734 53.275 6.250e+07 2
416 7.054503 30.361006 30.072638 -150.543 18.178 145.056 6.250e+07 2
417 3.450602 24.676525 34.185597 59.672 39.756 -45.503 6.250e+07 2
418 -0.320257 29.316794 33.387413 -65.402 -66.689 45.378 6.250e+07 2
419 -2.930857 21.508404 30.008293 -40.544 -179.849 43.113 6.250e+07 2
420 12.744599 15.249947 35.596463 90.221 114.082 -15.771 6.250e+07 2
421 2.226931 30.672818 32.862783 67.196 -197.994 43.485 6.250e+07 2
422 -0.201257 27.141687 30.948600 -111.817 -59.047 -29.416 6.250e+07 2
423 -7.889208 39.742208 37.285293 -76.574 -44.907 65.185 6.250e+07 2
424 7.016546 31.652702 31.238566 -200.955 142.367 -63.206 6.250e+07 2
425 4.680664 29.378878 30.869593 38.777 104.261 2.547 6.250e+07 2
426 4.422177 26.244269 34.251348 96.110 41.528 58.407 6.250e+07 2
427 4.321478 26.874464 32.178559 44.830 -40.304 -20.637 6.250e+07 2
428 10.161976 25.591959 32.182240 -32.095 131.053 -7.133 6.250e+07 2
429 4.331259 29.699151 31.216909 -59.766 49.073 86.144 6.250e+07 2
430 4.875091 25.364825 31.879243 116.295 18.745 -7.593 6.250e+07 2
431 0.795881 27.221933 31.362936 96.495 -152.937 155.237 6.250e+07 2
432 5.038824 33.060815 30.637724 -246.190 59.729 36.499 6.250e+07 2
433 5.633749 27.418778 34.477788 29.997 196.639 -1.794 6.250e+07 2
434 5.372699 28.950986 32.626665 109.866 24.820 116.840 6.250e+07 2
435 3.831717 29.931278 32.158926 -72.431 -181.175 160.447 6.250e+07 2
436 -0.417853 30.032821 33.510710 -26.701 -93.677 10.266 6.250e+07 2
437 4.850287 28.295135 31.963334 -193.447 186.740 -41.781 6.250e+07 2
438 6.577798 27.760424 30.673551 94.345 76.994 -83.275 6.250e+07 2
439 3.543005 28.726732 31.805755 86.187 113.285 164.532 6.250e+07 2
440 952.846975 -1143.809319 6.683313 759.841 -911.700 5.969 6.250e+07 2
441 4.996720 27.755394 32.172516 197.486 -83.097 87.422 6.250e+07 2
442 -22.591823 8.991118 27.936206 13.120 13.375 33.127 6.250e+07 2
443 0.748762 27.643385 31.081816 23.405 -62.193 -34.764 6.250e+07 2
444 4.100511 31.145890 30.941914 -100.994 -111.480 -74.436 6.250e+07 2
445 5.235866 29.297268 31.823549 39.760 35.560 143.788 6.250e+07 2
446 3.950089 27.816235 29.571491 22.256 -53.386 156.341 6.250e+07 2
447 2.340732 27.016028 30.640963 -14.032 8.278 142.207 6.250e+07 2
448 13.511683 43.677204 37.129731 -60.740 -111.291 -19.119 6.250e+07 2
449 3.705210 29.152437 30.717869 -56.419 209.856 -86.417 6.250e+07 2
450 4.265237 28.208171 31.913300 -208.522 -2.854 -93.536 6.250e+07 2
451 7.938601 30.223211 32.432300 -152.196 156.455 11.083 6.250e+07 2
452 4.243943 27.915991 31.375710 23.377 40.647 284.720 6.250e+07 2
453 3.887418 29.178504 31.609254 72.675 88.576 20.395 6.250e+07 2
454 5.954201 26.339404 30.193249 0.296 -30.466 44.259 6.250e+07 2
455 3.369047 29.157300 31.927121 -59.265 107.165 38.557 6.250e+07 2
456 2.293972 30.264274 32.795864 -14.107 7.275 131.715 6.250e+07 2
457 2.942188 29.587837 32.243068 50.302 -101.684 126.510 6.250e+07 2
458 3.438657 29.096961 30.151514 -119.139 -25.390 -145.581 6.250e+07 2
459 3.770470 27.429227 31.587179 -156.150 102.274 -99.435 6.250e+07 2
460 -0.969729 33.019441 32.098311 -248.429 -4.911 78.630 6.250e+07 2
461 2.646282 27.956878 32.335232 79.995 -181.409 163.656 6.250e+07 2
462 4.016832 28.891560 30.462592 76.887 49.378 -4.902 6.250e+07 2
463 8.791753 28.079313 32.939253 -4.825 106.773 10.699 6.250e+07 2
464 8.349721 25.842664 32.389436 157.927 183.097 51.812 6.250e+07 2
465 5.346223 26.034753 32.571265 310.253 159.362 80.370 6.250e+07 2
466 4.208425 28.892251 32.203944 -192.220 -125.309 9.760 6.250e+07 2
467 1.718519 26.397806 33.332075 246.511 -41.027 -135.554 6.250e+07 2
468 -5.848252 31.614962 31.656496 74.241 -108.378 20.146 6.250e+07 2
469 4.513837 27.688903 32.271873 86.070 92.952 78.686 6.250e+07 2
470 2.135025 33.852502 30.128751 -221.629 -189.886 -17.091 6.250e+07 2
471 4.846840 29.458661 33.036753 96.306 175.213 168.708 6.250e+07 2
472 4.686655 29.762956 33.298178 -66.856 67.443 34.682 6.250e+07 2
473 2.313783 22.559625 31.642196 82.969 -38.247 145.856 6.250e+07 2
474 7.494014 28.303586 32.649192 -129.638 262.966 21.793 6.250e+07 2
475 4.339168 27.630613 31.648329 -14.282 114.970 166.752 6.250e+07 2
476 1.418914 27.093925 31.354915 -97.500 -94.603 190.845 6.250e+07 2
477 4.672341 33.419666 32.504393 -103.438 -42.067 -126.363 6.250e+07 2
478 2.824879 29.330472 32.293775 168.146 -159.021 -50.669 6.250e+07 2
479 -3.805562 28.736595 29.757858 -163.845 -135.516 -25.905 6.250e+07 2
480 11.182357 27.953529 31.129007 48.727 277.890 85.456 6.250e+07 2
481 0.917228 29.007284 31.892074 -8.474 42.232 19.840 6.250e+07 2
482 1.956454 27.730201 32.211686 -5.026 -109.246 198.721 6.250e+07 2
483 5.633117 29.526535 31.343489 179.062 -89.921 76.983 6.250e+07 2
484 4.340056 26.487347 32.872534 204.488 18.531 25.985 6.250e+07 2
485 5.381007 22.464159 31.253931 126.022 162.824 -43.465 6.250e+07 2
486 -10.723092 30.403622 29.102207 -54.204 -63.877 23.270 6.250e+07 2
487 3.870419 28.586628 32.546766 -7.581 118.265 -24.821 6.250e+07 2
488 4.617230 27.970340 32.182040 52.089 77.330 111.071 6.250e+07 2
489 2.552409 25.398602 30.976110 101.037 10.449 57.442 6.250e+07 2
490 6.583397 30.853017 33.222285 -4.759 236.914 -10.167 6.250e+07 2
491 10.245204 33.261345 33.736536 -133.066 188.694 113.866 6.250e+07 2
492 4.884111 27.727223 32.172191 -306.120 87.207 80.323 6.250e+07 2
493 2.617246 28.153570 31.718934 -165.914 19.274 84.840 6.250e+07 2
494 2.946904 28.347081 31.497675 -208.530 -16.927 186.334 6.250e+07 2
495 10.006176 25.523855 35.366944 70.966 190.051 36.992 6.250e+07 2
496 8.818869 32.933380 32.450379 -85.691 65.746 11.495 6.250e+07 2
497 -1.578335 27.243511 32.736246 129.718 -100.296 57.330 6.250e+07 2
498 0.590859 27.623103 33.243114 -12.955 -88.095 16.959 6.250e+07 2
499 4.806514 28.683505 31.040031 -129.474 18.926 97.694 6.250e+07 2
500 5.305183 27.433821 32.430665 5.038 116.071 -5.375 6.250e+07 2
501 4.448797 40.700597 31.948762 -201.005 -52.817 -25.467 6.250e+07 2
502 9.545176 27.165662 34.651669 93.142 251.021 114.235 6.250e+07 2
503 5.372269 28.903418 33.536828 12.260 175.500 -45.676 6.250e+07 2
504 2.916319 29.612413 32.419166 68.368 -249.411 104.471 6.250e+07 2
505 -22.571418 9.005963 27.950374 5.290 -26.582 27.475 6.250e+07 2
506 6.555998 25.593646 31.149879 173.772 34.995 123.456 6.250e+07 2
507 4.669715 25.347967 31.895423 214.412 67.551 -46.118 6.250e+07 2
508 1.033434 29.339509 30.697608 -101.519 -141.812 137.571 6.250e+07 2
509 4.498400 24.864479 33.530884 156.008 121.802 -36.086 6.250e+07 2
510 5.726196 28.757692 32.424556 115.221 27.467 36.315 6.250e+07 2
511 8.881216 27.543483 32.892456 138.380 180.701 -6.270 6.250e+07 2
512 12.579576 48.094273 30.772898 -60.984 -134.837 78.165 6.250e+07 2
513 4.820622 28.671563 33.311341 191.902 189.599 87.185 6.250e+07 2
514 3.385189 26.536072 32.205175 181.546 -104.160 16.252 6.250e+07 2
515 4.658957 24.515565 32.141944 153.515 99.517 98.891 6.250e+07 2
516 9.946160 35.887069 33.539985 -131.645 102.124 23.798 6.250e+07 2
517 6.391252 35.831045 32.966524 -98.395 31.270 64.751 6.250e+07 2
518 3.621020 29.618252 31.441109 -281.698 326.657 183.980 6.250e+07 2
519 1.424384 28.405620 30.222272 73.300 -74.278 -13.302 6.250e+07 2
520 4.746561 27.838051 33.899006 -52.819 142.291 210.845 6.250e+07 2
521 4.191218 20.961831 30.481774 165.826 -63.872 72.513 6.250e+07 2
522 -6.442432 9.123663 32.728654 69.693 6.004 38.829 6.250e+07 2
523 3.696366 27.582461 31.818597 218.156 -24.982 82.464 6.250e+07 2
524 4.252026 27.365523 31.890429 -3.669 -119.792 56.689 6.250e+07 2
525 7.033787 27.165368 30.611278 69.334 91.049 160.968 6.250e+07 2
526 5.000714 29.519344 32.232010 -44.809 323.143 133.752 6.250e+07 2
527 2.971416 27.102968 32.620251 210.484 76.628 21.096 6.250e+07 2
528 8.425826 30.622594 32.757356 18.248 252.897 32.051 6.250e+07 2
529 17.738324 34.622530 29.520108 -10.746 157.650 67.396 6.250e+07 2
530 5.651688 28.087749 31.345101 -145.133 177.986 61.176 6.250e+07 2
531 3.460925 27.235379 31.281003 153.808 -23.359 -18.804 6.250e+07 2
532 7.626624 32.958355 30.924703 -146.106 199.969 44.657 6.250e+07 2
533 9.378069 30.356297 30.916780 -74.388 153.558 78.043 6.250e+07 2
534 3.220281 28.379635 32.265449 52.174 -180.358 28.030 6.250e+07 2
535 4.794318 26.994394 30.962605 53.714 39.134 47.897 6.250e+07 2
536 7.484263 28.194170 30.825645 -199.570 149.623 38.763 6.250e+07 2
537 -0.071857 23.919783 34.910932 82.318 -135.772 46.523 6.250e+07 2
538 2.291373 28.453362 31.252528 19.103 -177.840 -2.928 6.250e+07 2
539 5.075296 26.651587 32.899319 -11.332 80.692 39.678 6.250e+07 2
540 3.911367 28.565611 32.008651 -326.200 90.608 115.055 6.250e+07 2
541 1.609548 37.523151 32.550719 -177.876 9.104 40.016 6.250e+07 2
542 0.465210 32.651324 30.374416 -158.766 -35.755 -32.600 6.250e+07 2
543 9.556498 24.763964 31.988370 118.718 183.517 30.088 6.250e+07 2
544 3.430772 32.281664 32.046043 -259.369 -79.334 110.800 6.250e+07 2
545 12.127320 34.459614 31.521920 -94.351 8.151 5.780 6.250e+07 2
546 5.441602 27.582533 30.845840 94.768 -95.392 -89.890 6.250e+07 2
547 10.085240 24.916303 31.195768 -44.514 314.220 -41.638 6.250e+07 2
548 2.244596 25.101694 31.742570 169.013 -57.808 21.000 6.250e+07 2
549 0.601044 25.280240 33.283925 50.443 -155.132 7.189 6.250e+07 2
550 4.813146 28.230642 32.006859 -163.408 -41.027 -1.603 6.250e+07 2
551 2.645589 29.080595 32.090636 -58.891 -115.201 17.754 6.250e+07 2
552 5.214134 25.799642 32.304932 157.836 248.523 -109.966 6.250e+07 2
553 4.787568 27.641689 31.663021 -158.779 333.472 -42.774 6.250e+07 2
554 7.701374 25.500885 31.459647 243.619 67.047 58.872 6.250e+07 2
555 27.607979 26.002195 32.210357 161.693 91.863 69.528 6.250e+07 2
556 5.825436 27.874942 31.640712 -4.252 60.316 49.534 6.250e+07 2
557 9.195282 35.228681 33.240307 -166.469 83.231 78.103 6.250e+07 2
558 4.119012 29.192363 32.252948 159.480 9.675 -6.672 6.250e+07 2
559 3.381657 24.030978 34.364921 121.580 63.150 -56.748 6.250e+07 2
560 4.744179 28.146385 31.628853 8.548 273.475 27.141 6.250e+07 2
561 2.904007 28.491102 34.601471 -83.333 -46.707 -44.154 6.250e+07 2
562 2.805927 27.898259 31.406354 -153.368 -53.197 208.400 6.250e+07 2
563 3.388064 26.217766 31.180490 72.380 -190.355 -33.740 6.250e+07 2
564 3.439424 27.362924 32.210611 54.262 -189.236 72.027 6.250e+07 2
565 1.706977 30.410131 30.222416 32.518 -93.609 -46.009 6.250e+07 2
566 2.672507 29.141942 31.299500 59.908 -111.135 62.031 6.250e+07 2
567 -2.949691 30.857401 31.219855 52.928 -89.622 99.789 6.250e+07 2
568 2.878130 23.580993 33.704969 215.671 59.367 14.902 6.250e+07 2
569 11.632647 29.537942 30.484062 176.398 210.150 37.713 6.250e+07 2
570 8.367362 33.214218 30.027637 34.055 217.119 39.383 6.250e+07 2
571 1.797945 28.347990 31.262086 -146.341 -95.649 45.342 6.250e+07 2
572 5.018824 26.876853 30.561880 59.254 80.894 -132.663 6.250e+07 2
573 5.287758 27.400667 32.086535 -55.170 -25.886 227.557 6.250e+07 2
574 9.267897 26.625468 30.696726 34.617 254.229 -91.439 6.250e+07 2
575 3.553721 28.530975 30.997616 -108.845 5.429 -68.857 6.250e+07 2
576 11.270491 29.636709 33.546931 -88.635 152.981 47.697 6.250e+07 2
577 4.802494 28.388553 32.052799 133.662 250.540 26.072 6.250e+07 2
578 -2.990106 24.161616 33.133912 62.592 -85.642 23.528 6.250e+07 2
579 2.970862 29.574525 30.859757 -229.977 -104.373 66.200 6.250e+07 2
580 6.545285 29.392926 31.478273 -306.201 38.135 130.854 6.250e+07 2
581 7.095520 27.610767 31.725951 -23.693 206.128 -14.503 6.250e+07 2
582 5.714433 33.262812 29.714290 -213.943 129.430 -4.428 6.250e+07 2
583 1.629587 28.499715 32.491509 -14.800 -63.263 116.596 6.250e+07 2
584 2.573221 27.340658 32.189811 70.823 -62.589 -51.538 6.250e+07 2
585 4.269243 27.958557 31.527913 -34.439 124.265 -34.984 6.250e+07 2
586 3.911389 28.159390 31.570689 183.091 59.766 -8.000 6.250e+07 2
587 6.118330 28.830126 31.253878 116.466 212.620 12.539 6.250e+07 2
588 0.252975 28.174658 32.077775 28.468 -45.123 26.919 6.250e+07 2
589 6.279857 40.833426 24.192918 47.239 81.727 -31.891 6.250e+07 2
590 -9.663941 -7.156239 31.523911 49.204 34.181 75.530 6.250e+07 2
591 5.982840 28.382140 31.042379 -132.622 26.566 -133.600 6.250e+07 2
592 -1379.227560 954.425222 -13.456037 -1104.108 764.410 -10.380 6.250e+07 2
593 3.900341 29.562912 32.451550 -225.296 93.158 -15.063 6.250e+07 2
594 10.880023 30.115525 27.439038 106.167 207.786 -90.161 6.250e+07 2
595 4.368299 27.715374 31.537879 269.705 79.519 56.080 6.250e+07 2
596 11.468402 29.566861 30.906769 -117.411 206.874 44.580 6.250e+07 2
597 8.195925 26.703968 30.488567 -108.663 174.227 33.294 6.250e+07 2
598 8.880149 22.625415 33.886662 63.615 73.393 -18.935 6.250e+07 2
599 5.894963 13.360505 34.316950 127.732 6.393 54.054 6.250e+07 2
600 3.889114 28.214351 31.723726 -138.269 -38.935 83.556 6.250e+07 2
601 3.093937 31.422264 32.200862 -219.559 -42.580 -57.653 6.250e+07 2
602 3.534846 27.106697 32.158618 -110.014 -41.280 81.784 6.250e+07 2
603 1.009284 28.975082 31.836479 168.581 -95.468 -78.430 6.250e+07 2
604 3.087240 23.481612 33.179277 181.847 -80.703 62.515 6.250e+07 2
605 2.301702 29.881183 32.636141 18.879 -87.991 134.127 6.250e+07 2
606 4.846591 33.259840 32.568031 -238.198 79.659 126.901 6.250e+07 2
607 1.724087 24.792518 31.406869 118.054 -186.931 -72.783 6.250e+07 2
608 4.650203 26.724256 32.892019 -49.373 139.716 169.023 6.250e+07 2
609 4.380959 28.963126 31.686100 -10.140 177.732 145.557 6.250e+07 2
610 3.765158 28.677567 31.401640 -224.651 137.771 48.170 6.250e+07 2
611 0.028688 15.040909 30.587079 141.708 83.047 43.537 6.250e+07 2
612 9.840267 24.585044 32.055486 138.741 232.354 9.990 6.250e+07 2
613 4.144417 29.103871 31.647112 301.480 -27.658 -9.398 6.250e+07 2
614 8.958862 28.178667 33.132199 -174.928 280.789 -26.484 6.250e+07 2
615 4.799471 15.675485 32.314331 87.005 91.745 -25.207 6.250e+07 2
616 5.135569 26.778147 31.479085 86.793 155.650 46.172 6.250e+07 2
617 5.726460 28.921127 31.371061 40.936 51.882 47.408 6.250e+07 2
618 2.095513 26.121152 31.977779 62.949 -86.415 137.790 6.250e+07 2
619 22.082585 13.261037 27.531151 71.319 19.278 56.318 6.250e+07 2
620 2.507893 27.649190 32.466527 -100.762 -97.516 205.662 6.250e+07 2
621 3.572613 27.218116 31.584264 228.803 135.443 85.810 6.250e+07 2
622 5.742795 26.786741 31.816291 46.438 63.471 35.428 6.250e+07 2
623 5.043656 30.695373 31.077468 -190.371 -41.946 156.645 6.250e+07 2
624 -1.903746 35.247762 32.852094 -53.231 -23.816 27.413 6.250e+07 2
625 2.639289 28.853832 30.321438 69.246 96.630 53.067 6.250e+07 2
626 -9.696405 -7.252764 31.595517 47.050 41.887 58.570 6.250e+07 2
627 5.978400 26.046635 31.370336 48.249 60.534 -31.085 6.250e+07 2
628 0.650324 31.716436 32.850066 -192.336 47.131 57.610 6.250e+07 2
629 5.909328 20.626335 29.769580 115.414 173.402 90.739 6.250e+07 2
630 7.907356 22.825112 30.442186 113.747 73.399 81.274 6.250e+07 2
631 0.999845 27.685330 31.082695 59.553 -181.641 39.524 6.250e+07 2
632 6.152599 29.191718 32.059725 -184.640 240.411 -52.977 6.250e+07 2
633 4.303578 29.065899 31.778335 -56.609 15.472 196.771 6.250e+07 2
634 1.415602 33.377355 30.077185 -167.217 -108.970 30.693 6.250e+07 2
635 -2.478019 46.354702 30.993286 -106.933 -64.435 29.052 6.250e+07 2
636 7.511570 29.175849 29.277237 -88.533 39.161 62.482 6.250e+07 2
637 4.799520 34.650042 33.218018 -199.093 -18.743 -5.111 6.250e+07 2
638 3.939044 27.864688 31.653522 -153.441 55.854 -14.829 6.250e+07 2
639 8.375415 31.778591 30.610803 -85.840 232.721 95.327 6.250e+07 2
640 4.668267 27.604320 32.180892 217.909 2.232 -87.784 6.250e+07 2
641 3.165598 22.337749 31.995669 162.124 138.757 34.756 6.250e+07 2
642 11.359638 33.243405 33.165679 -62.362 157.117 20.550 6.250e+07 2
643 -3.933617 36.172131 28.530915 -23.108 -25.551 52.021 6.250e+07 2
644 -0.023286 33.985350 33.005543 -52.910 25.116 -2.818 6.250e+07 2
645 -4.372308 33.039959 33.116363 -36.335 -86.653 39.838 6.250e+07 2
646 6.023569 28.783216 31.968268 -108.638 18.170 55.403 6.250e+07 2
647 -0.920775 29.381175 35.538775 -55.958 -154.792 4.313 6.250e+07 2
648 2.572212 28.294804 31.470378 -363.919 -78.369 -117.388 6.250e+07 2
649 5.392587 30.632848 32.734465 -167.890 109.562 34.429 6.250e+07 2
650 3.439847 27.256120 32.397417 -64.365 11.891 54.728 6.250e+07 2
651 -1.678046 21.645101 35.055868 91.148 11.023 14.845 6.250e+07 2
652 0.161162 38.752706 34.368272 -112.869 1.123 109.973 6.250e+07 2
653 4.446383 26.146391 31.045651 151.403 35.161 -98.271 6.250e+07 2
654 2.016794 29.259981 31.834976 -154.206 68.020 -123.577 6.250e+07 2
655 -3.023378 26.953149 33.088109 136.109 -107.725 20.117 6.250e+07 2
656 6.830203 30.394479 33.861301 -203.514 281.681 127.056 6.250e+07 2
657 -25.732440 33.280098 33.012329 -88.689 -61.019 9.974 6.250e+07 2
658 6.553667 21.232257 29.005559 72.496 190.247 7.332 6.250e+07 2
659 14.716983 29.035664 33.237318 78.089 94.056 53.317 6.250e+07 2
660 6.715538 29.942395 33.329643 -96.681 341.992 77.093 6.250e+07 2
661 -1.251722 28.369882 30.670264 -33.234 -193.072 -57.171 6.250e+07 2
662 4.922009 28.956981 32.383042 29.965 119.951 129.763 6.250e+07 2
663 1.210608 28.104050 32.147828 -207.557 30.225 -44.899 6.250e+07 2
664 2.541106 27.886967 32.121050 -36.296 35.747 34.925 6.250e+07 2
665 5.676226 26.392839 30.346317 193.338 146.578 57.468 6.250e+07 2
666 4.289972 28.364895 31.913003 -13.593 71.935 102.272 6.250e+07 2
667 3.519613 29.201158 32.031574 -324.660 -27.333 -161.725 6.250e+07 2
668 14.496645 25.781765 32.448530 -124.886 19.932 64.312 6.250e+07 2
669 25.512959 0.784810 47.501008 27.629 9.062 40.362 6.250e+07 2
670 4.221054 27.871024 31.370179 -208.809 -74.157 46.116 6.250e+07 2
671 2.500327 25.337644 31.000386 57.523 31.452 58.384 6.250e+07 2
672 4.098961 29.990716 31.096013 -23.118 -4.714 249.724 6.250e+07 2
673 3.577840 35.224865 29.896785 -25.650 98.777 -20.062 6.250e+07 2
674 3.057195 28.773877 30.448501 91.038 82.235 46.584 6.250e+07 2
675 5.924177 44.587165 34.537055 -105.149 -4.129 18.020 6.250e+07 2
676 3.488393 30.088201 33.212996 -232.517 -59.587 206.641 6.250e+07 2
677 4.551493 28.501810 30.150575 -188.190 32.913 -127.846 6.250e+07 2
678 -4.166206 22.970224 32.613661 34.127 -10.949 123.958 6.250e+07 2
679 1.855517 23.663653 28.726038 109.598 -107.836 -34.682 6.250e+07 2
680 5.712921 28.168121 31.101369 59.700 248.786 -58.706 6.250e+07 2
681 2.065997 33.879715 29.955647 7.633 -168.067 118.809 6.250e+07 2
682 1.789533 24.495948 33.236861 50.143 -22.652 -43.511 6.250e+07 2
683 4.575007 29.328515 31.849227 -181.959 106.411 -103.488 6.250e+07 2
684 4.320626 28.103001 31.055731 -125.800 176.883 87.625 6.250e+07 2
685 1.627915 34.524864 33.447577 -12.790 -38.296 -39.154 6.250e+07 2
686 3.798008 29.132154 33.123257 -100.026 -41.352 9.047 6.250e+07 2
687 8.896979 23.617449 33.777705 112.923 168.653 22.303 6.250e+07 2
688 3.354782 28.919298 32.001236 -129.227 143.572 -9.959 6.250e+07 2
689 4.729520 26.078565 32.563186 121.010 55.464 -90.170 6.250e+07 2
690 4.833304 28.212435 31.248551 -49.867 4.315 -187.337 6.250e+07 2
691 5.554613 26.193229 30.228262 71.218 -5.180 120.064 6.250e+07 2
692 3.569520 25.141830 32.297911 278.547 71.592 -29.998 6.250e+07 2
693 3.560317 30.330264 30.652124 -189.727 -20.729 -18.968 6.250e+07 2
694 8.517646 21.244336 31.872146 -2.088 169.095 88.272 6.250e+07 2
695 3.103975 27.853627 32.111253 115.382 99.811 63.403 6.250e+07 2
696 2.212811 24.968994 31.195581 215.122 95.271 25.375 6.250e+07 2
697 2.509017 27.733433 31.612977 71.995 -160.606 86.606 6.250e+07 2
698 4.228003 27.685905 31.714872 -46.171 -113.824 -98.408 6.250e+07 2
699 7.567149 26.862054 34.341230 -24.225 241.013 -33.423 6.250e+07 2
700 2.962362 27.577698 31.668414 160.137 -122.026 69.298 6.250e+07 2
701 -16.768672 25.164657 31.728025 35.985 -49.609 18.203 6.250e+07 2
702 4.403959 29.223707 31.911003 -253.378 144.199 -38.553 6.250e+07 2
703 3.457942 29.160165 31.259765 -31.952 164.622 1.592 6.250e+07 2
704 5.503869 31.339132 32.152578 -107.541 102.957 16.858 6.250e+07 2
705 36.979811 -25.145903 24.514983 32.599 26.368 -1.856 6.250e+07 2
706 0.913372 20.821614 33.037830 154.615 -81.786 41.202 6.250e+07 2
707 5.730204 26.449787 32.631819 138.322 211.249 21.157 6.250e+07 2
708 2.114961 27.545340 31.358663 -18.834 -171.530 -115.977 6.250e+07 2
709 3.466646 27.876988 31.994684 81.450 205.076 29.539 6.250e+07 2
710 3.838826 27.548941 32.567872 -50.791 -32.919 -103.575 6.250e+07 2
711 3.649234 27.188754 31.566633 154.530 280.581 80.440 6.250e+07 2
712 4.842316 27.881582 31.408449 68.226 -85.261 -50.941 6.250e+07 2
713 4.210228 26.879399 32.161673 61.851 -168.840 -10.057 6.250e+07 2
714 11.140732 32.751143 31.515120 -173.443 196.229 30.332 6.250e+07 2
715 4.588057 28.942539 31.024091 -114.696 -66.379 -75.416 6.250e+07 2
716 3.597166 26.791399 31.738631 92.370 71.465 19.621 6.250e+07 2
717 5.089283 30.505927 32.645606 -263.572 201.694 -49.004 6.250e+07 2
718 11.516613 23.338589 30.658217 80.664 123.502 -91.459 6.250e+07 2
719 4.461649 29.084419 31.912739 -30.149 171.404 104.104 6.250e+07 2
720 1.707498 21.067033 33.845637 163.634 -83.691 -4.502 6.250e+07 2
721 3.231992 31.904851 28.871318 -184.357 26.451 2.753 6.250e+07 2
722 2.887046 27.623076 32.542881 0.639 -242.544 34.847 6.250e+07 2
723 7.698517 153.726540 15.124822 2.230 -41.372 33.266 6.250e+07 2
724 6.211473 25.815890 30.670131 84.184 288.915 158.789 6.250e+07 2
725 4.282031 27.636079 31.456665 -65.342 -31.820 33.561 6.250e+07 2
726 5.015954 27.190404 31.981694 100.036 159.862 180.655 6.250e+07 2
727 4.269589 27.303435 31.852773 173.376 179.201 184.584 6.250e+07 2
728 1.747416 27.834585 30.935125 25.253 -41.553 33.635 6.250e+07 2
729 1.306068 23.724716 32.358664 2.723 -46.724 -150.264 6.250e+07 2
730 3.280740 32.565897 29.457879 -124.391 174.235 38.915 6.250e+07 2
731 3.454575 35.542342 27.313090 -132.812 -87.282 28.996 6.250e+07 2
732 10.298707 32.501096 30.208001 -60.315 220.414 -59.914 6.250e+07 2
733 -5.641734 24.113840 32.755570 24.676 -69.357 40.518 6.250e+07 2
734 7.177612 33.987824 31.207343 -163.070 171.977 31.318 6.250e+07 2
735 4.786269 35.631149 31.150764 -132.260 -217.223 34.609 6.250e+07 2
736 4.035228 30.135714 32.277733 -140.971 -53.401 -35.168 6.250e+07 2
737 1.621911 29.874322 32.620672 -49.784 -192.680 200.798 6.250e+07 2
738 -16.047889 74.757940 40.141389 36.666 -30.456 10.735 6.250e+07 2
739 1.703439 28.652376 31.592915 2.871 -55.943 107.868 6.250e+07 2
740 3.439143 29.446979 32.115469 -200.347 87.488 -69.539 6.250e+07 2
741 3.612668 28.924333 33.231708 203.424 -51.393 -67.410 6.250e+07 2
742 4.442468 24.149784 31.660183 232.398 120.602 36.002 6.250e+07 2
743 12.947260 23.838449 32.804258 50.910 233.119 27.777 6.250e+07 2
744 10.491367 23.999904 33.884605 130.798 192.342 48.085 6.250e+07 2
745 5.601222 26.804538 33.162611 88.271 38.116 -187.759 6.250e+07 2
746 3.964326 27.566334 32.648374 219.154 -59.805 -27.175 6.250e+07 2
747 2.373138 29.054715 32.484117 -178.808 -170.475 -24.819 6.250e+07 2
748 4.223030 27.488006 32.295404 65.632 -151.215 198.793 6.250e+07 2
749 -0.278169 29.140687 31.724736 -136.442 -166.472 21.404 6.250e+07 2
750 2.309249 21.509296 32.002958 117.068 124.938 72.286 6.250e+07 2
751 1.006708 28.632751 25.469646 4.360 18.944 230.986 6.250e+07 2
752 3.308556 27.008369 32.005952 75.312 -40.553 12.516 6.250e+07 2
753 -1.764585 36.978596 34.285937 40.045 -237.184 -52.305 6.250e+07 2
754 2.140260 27.326169 32.341647 82.769 -130.546 -206.821 6.250e+07 2
755 5.016517 28.999976 31.244457 152.790 249.319 11.707 6.250e+07 2
756 0.020894 37.374727 31.561317 -146.616 -157.206 46.902 6.250e+07 2
757 3.016427 21.819383 33.841005 140.041 43.834 126.773 6.250e+07 2
758 2.361845 28.605429 31.334848 160.625 -114.732 9.923 6.250e+07 2
759 4.237525 27.941968 30.936286 -10.527 -79.329 -40.163 6.250e+07 2
760 3.025216 28.570045 31.914459 -119.355 28.119 146.271 6.250e+07 2
761 7.011257 29.435389 30.272272 -33.144 20.283 -14.874 6.250e+07 2
762 1.712045 27.599122 31.772083 -72.152 -27.977 -68.554 6.250e+07 2
763 3.938194 28.214781 31.764159 -120.887 -18.726 -95.752 6.250e+07 2
764 3.668373 28.333832 31.852665 -79.150 26.239 -2.672 6.250e+07 2
765 2.258087 29.085721 30.807654 5.118 -148.032 163.631 6.250e+07 2
766 3.998984 27.858215 33.227527 -59.951 -98.651 -44.699 6.250e+07 2
767 1.293556 28.640438 32.688658 -36.860 -74.853 -65.741 6.250e+07 2
768 3.965138 28.017849 31.042679 130.951 -120.276 44.230 6.250e+07 2
769 3.783243 36.320705 28.335604 -96.733 44.784 -69.383 6.250e+07 2
770 0.622135 33.922582 31.616472 -238.735 -51.962 16.082 6.250e+07 2
771 4.301906 27.519630 31.529087 -204.422 -104.621 104.517 6.250e+07 2
772 4.772712 27.743711 31.279347 163.655 -15.686 -25.108 6.250e+07 2
773 4.696867 62.279203 42.181675 5.605 -104.641 -18.027 6.250e+07 2
774 6.715558 32.974563 30.666859 -83.030 -117.258 -32.437 6.250e+07 2
775 5.910666 29.060062 31.805523 -197.969 206.765 -179.809 6.250e+07 2
776 -2.800548 23.091969 31.945161 88.456 -227.676 48.045 6.250e+07 2
777 2.925801 29.163173 32.550802 8.268 -214.997 -120.178 6.250e+07 2
778 2259.578077 2658.475485 62.940022 1832.496 2156.063 51.279 6.250e+07 2
779 4.157915 27.795635 31.959319 -102.186 80.298 49.181 6.250e+07 2
780 5.037302 28.127442 31.155483 66.122 4.150 45.251 6.250e+07 2
781 279.474325 196.240995 22.313796 205.908 154.497 3.711 6.250e+07 2
782 9.198948 25.387095 34.157457 56.683 172.362 44.104 6.250e+07 2
783 9.458629 26.395655 29.363311 -33.827 181.723 19.140 6.250e+07 2
784 3.190464 30.369263 32.617867 -147.083 154.418 216.049 6.250e+07 2
785 6.792779 25.735748 30.985666 259.503 63.122 60.951 6.250e+07 2
786 5.259105 27.039112 32.937776 13.733 170.743 142.445 6.250e+07 2
787 2.286952 28.958965 32.285985 53.588 -87.482 87.900 6.250e+07 2
788 2.451554 28.794788 31.955694 -87.010 -154.043 -215.892 6.250e+07 2
789 1.758607 28.089698 31.851102 -7.897 -192.330 -54.093 6.250e+07 2
790 4.223200 30.194371 31.814983 101.517 78.988 15.823 6.250e+07 2
791 5.890571 25.756122 30.769787 188.643 19.815 69.428 6.250e+07 2
792 1.865995 29.028639 31.956857 2.179 -234.258 -11.933 6.250e+07 2
793 -1.083950 36.919879 32.051684 -90.799 -99.277 -2.629 6.250e+07 2
794 8.378827 28.619934 34.407526 -263.798 59.128 -76.161 6.250e+07 2
795 -18.873244 78.023887 61.166592 7.519 42.393 24.704 6.250e+07 2
796 1.887093 33.439551 32.006345 -213.143 9.209 45.448 6.250e+07 2
797 1.984888 29.349097 31.883162 -26.351 -179.566 157.625 6.250e+07 2
798 6.908060 19.387868 33.753716 134.135 145.372 -31.920 6.250e+07 2
799 3.713511 28.478835 31.599074 169.509 249.289 -47.295 6.250e+07 2
800 3.247125 29.587821 32.381693 -178.293 -34.441 -192.415 6.250e+07 2
801 2.137878 23.223401 31.192444 120.645 -102.123 17.047 6.250e+07 2
802 -11.449187 16.357326 31.237450 142.467 -33.899 30.657 6.250e+07 2
803 1.529386 25.112736 32.193970 56.578 -135.392 142.818 6.250e+07 2
804 11.231560 33.221531 33.066585 -83.668 176.696 20.732 6.250e+07 2
805 -1.178184 36.934096 31.977934 -112.689 -91.317 37.114 6.250e+07 2
806 9.527793 22.304664 31.191425 180.439 27.747 68.876 6.250e+07 2
807 -3.764104 30.366360 30.302238 -138.528 -15.294 -6.191 6.250e+07 2
808 2.978498 23.164765 34.359229 261.465 -20.344 14.204 6.250e+07 2
809 5.077823 27.085295 31.310863 32.938 266.039 140.683 6.250e+07 2
810 2.910762 29.419145 32.294058 -117.250 -70.578 -9.756 6.250e+07 2
811 6.788242 33.851902 30.501698 -155.997 170.099 41.440 6.250e+07 2
812 1.761601 27.614892 31.350162 179.536 -101.123 -81.384 6.250e+07 2
813 4.304399 27.861563 31.560455 94.566 -34.394 -119.679 6.250e+07 2
814 0.138352 28.946888 34.093180 88.358 -158.642 -23.170 6.250e+07 2
815 0.108302 25.503243 34.817877 38.762 -65.185 122.187 6.250e+07 2
816 -9.535300 -7.184434 31.704585 87.432 30.280 0.924 6.250e+07 2
817 4.236973 26.027089 31.754925 143.400 36.520 -84.890 6.250e+07 2
818 5.744422 28.789842 30.210203 80.450 33.751 222.565 6.250e+07 2
819 3.932786 29.737015 32.106415 -313.411 76.781 -64.280 6.250e+07 2
820 1.524793 39.917232 32.023033 -154.653 -8.534 30.027 6.250e+07 2
821 24.702683 22.450153 28.375477 50.859 70.690 14.324 6.250e+07 2
822 5.924362 27.417198 30.801202 -51.530 111.085 -173.154 6.250e+07 2
823 1.297466 30.997877 33.186474 -9.155 -46.520 116.025 6.250e+07 2
824 2.735516 27.024310 28.340928 39.914 -1.874 52.166 6.250e+07 2
825 3.813445 28.536542 32.686001 89.482 -42.107 189.591 6.250e+07 2
826 1.632702 26.251030 31.333798 76.911 -54.326 -21.938 6.250e+07 2
827 -5.404309 34.190722 34.103243 -69.090 -186.058 10.064 6.250e+07 2
828 10.403214 32.359812 33.533432 9.977 154.781 -25.607 6.250e+07 2
829 5.343540 30.187378 31.607594 32.548 31.290 -52.752 6.250e+07 2
830 8.737258 23.632557 32.601341 70.403 167.136 132.763 6.250e+07 2
831 4.134855 27.089198 31.066707 23.063 251.161 -94.493 6.250e+07 2
832 4.943894 29.002838 31.941927 105.099 -71.034 -148.886 6.250e+07 2
833 5.812694 26.612254 32.884219 194.608 131.077 63.560 6.250e+07 2
834 1.526404 31.438074 29.978884 -149.385 -158.238 -85.594 6.250e+07 2
835 74.436979 595.174320 -80.299224 53.414 426.003 -54.586 6.250e+07 2
836 6.506657 31.049046 30.055852 -214.456 -16.669 -10.697 6.250e+07 2
837 8.441065 32.844507 30.447674 16.596 57.426 -68.818 6.250e+07 2
838 5.659340 28.384695 30.725759 -162.487 13.346 159.082 6.250e+07 2
839 3.303119 27.446533 32.047505 12.978 -76.192 117.014 6.250e+07 2
840 5.454116 30.425033 30.749337 -203.069 153.874 43.628 6.250e+07 2
841 0.818728 17.981398 28.677893 175.795 137.243 -3.681 6.250e+07 2
842 5.093026 29.318506 32.692708 -95.328 55.214 1.965 6.250e+07 2
843 3.567564 26.756788 33.981195 -0.754 124.940 -31.440 6.250e+07 2
844 0.471240 30.121164 37.489807 0.645 -52.099 -45.112 6.250e+07 2
845 3.383225 30.132354 28.444942 3.830 -121.991 203.506 6.250e+07 2
846 -2.463068 31.415646 32.018684 -133.087 -123.915 -12.682 6.250e+07 2
847 4.009307 27.793045 31.443029 -31.511 -90.349 117.595 6.250e+07 2
848 7.271425 14.105976 33.255418 62.889 97.368 15.795 6.250e+07 2
849 4.975934 26.620316 31.926040 158.651 89.444 -28.698 6.250e+07 2
850 1.828863 30.756488 32.875540 -173.655 59.756 -35.953 6.250e+07 2
851 4.985116 36.192930 30.110464 -83.097 81.059 39.633 6.250e+07 2
852 -0.012322 25.498733 31.759313 -49.480 -123.573 108.038 6.250e+07 2
853 6.276229 24.630724 32.944872 162.762 -24.386 60.858 6.250e+07 2
854 4.747885 27.635385 31.413534 -12.715 67.512 -33.580 6.250e+07 2
855 3.564065 27.592368 31.642571 -122.592 368.033 -7.719 6.250e+07 2
856 1.640871 27.722049 32.482469 114.132 -84.378 -68.288 6.250e+07 2
857 1.893983 30.197011 32.939294 -156.214 -269.745 48.023 6.250e+07 2
858 5.691699 29.215075 32.146595 -72.120 171.934 180.853 6.250e+07 2
859 3.055607 28.247975 31.354445 201.289 57.395 41.279 6.250e+07 2
860 1.830029 29.316152 32.627925 -176.685 -54.700 -8.361 6.250e+07 2
861 3.882369 28.822583 29.952359 -5.280 19.379 -41.196 6.250e+07 2
862 6.671077 29.741430 31.264243 -174.265 26.795 71.056 6.250e+07 2
863 620.105775 299.647625 -6.736773 456.426 222.501 -2.662 6.250e+07 2
864 4.057189 29.248536 31.506076 -26.850 -15.445 150.928 6.250e+07 2
865 3.210219 28.092551 30.867363 -21.684 -28.482 24.021 6.250e+07 2
866 -173.711114 -1186.155250 12.580550 -136.922 -935.386 10.657 6.250e+07 2
867 -18.450242 9.645142 32.961740 49.086 -39.303 26.501 6.250e+07 2
868 4.161977 29.532213 31.441799 -143.260 203.336 -14.934 6.250e+07 2
869 3.636059 27.948122 31.141780 -13.682 -44.657 -185.416 6.250e+07 2
870 6.187194 27.403529 31.963111 123.778 72.661 -113.639 6.250e+07 2
871 2.295681 30.141735 32.108673 -127.745 50.268 193.151 6.250e+07 2
872 3.950501 27.603561 31.371669 2.534 128.588 -128.209 6.250e+07 2
873 4.602473 22.879313 31.328896 142.186 97.919 83.467 6.250e+07 2
874 0.173616 29.538595 30.762711 -40.306 -149.937 108.513 6.250e+07 2
875 8.266568 25.364315 33.017953 -52.060 350.118 54.047 6.250e+07 2
876 -1.910081 27.893299 28.803845 -23.717 -61.617 26.120 6.250e+07 2
877 8.394724 34.424211 30.989302 -64.037 146.151 39.329 6.250e+07 2
878 4.337486 27.587904 31.424336 65.286 -90.759 190.203 6.250e+07 2
879 1.907873 31.430922 31.015752 -325.594 -70.366 61.770 6.250e+07 2
880 5.305162 25.717774 32.318645 24.311 13.102 -43.161 6.250e+07 2
881 4.919137 31.313794 31.139372 -85.307 79.861 -38.926 6.250e+07 2
882 4.625530 28.715291 31.639665 -102.903 27.002 -119.722 6.250e+07 2
883 7.851756 26.386716 31.438752 -13.055 170.203 44.421 6.250e+07 2
884 1.833666 28.590735 32.576885 -5.442 -151.354 -23.197 6.250e+07 2
885 3.722265 27.215311 31.897328 105.210 43.815 108.355 6.250e+07 2
886 3.616684 27.042685 30.828791 273.499 103.580 -4.009 6.250e+07 2
887 8.126298 20.518378 32.806141 160.594 119.949 97.487 6.250e+07 2
888 -4.629014 30.480529 29.892379 -132.002 -167.431 37.669 6.250e+07 2
889 4.036583 29.219815 31.721695 93.241 108.265 162.385 6.250e+07 2
890 -9.651728 -7.193573 31.681006 68.118 21.989 -32.118 6.250e+07 2
891 4.749972 28.876647 32.326783 -145.009 -45.553 213.275 6.250e+07 2
892 3.590047 24.585654 32.048781 180.832 -244.434 -13.585 6.250e+07 2
893 4.663871 26.806356 30.878388 -112.622 41.897 -25.264 6.250e+07 2
894 3.611338 26.858498 32.836279 -19.654 162.768 49.199 6.250e+07 2
895 4.869253 26.551509 31.187571 28.539 97.424 136.437 6.250e+07 2
896 0.956851 27.267643 33.104682 2.115 24.753 22.390 6.250e+07 2
897 9.429602 28.605082 34.757028 -124.417 188.921 27.748 6.250e+07 2
898 3.695433 28.279907 31.936431 -123.054 -188.677 111.444 6.250e+07 2
899 4.003142 27.018465 31.024156 -38.624 -154.447 112.688 6.250e+07 2
900 5.442301 29.129482 32.075412 73.931 -32.647 -31.848 6.250e+07 2
901 0.496690 27.153474 32.030817 8.667 -224.931 -81.667 6.250e+07 2
902 9.846642 37.201880 36.477714 -113.949 -2.306 -15.535 6.250e+07 2
903 6.262448 27.791945 30.960626 167.106 308.622 33.244 6.250e+07 2
904 2.448812 37.757135 28.755535 -203.529 57.993 35.210 6.250e+07 2
905 -1.262215 21.413172 31.658665 36.801 -87.433 2.434 6.250e+07 2
906 4.659134 29.090815 32.905643 -73.000 128.532 39.163 6.250e+07 2
907 3.535855 25.480190 32.050824 130.778 -32.614 133.021 6.250e+07 2
908 4.938331 26.648785 31.595254 125.246 59.862 -87.342 6.250e+07 2
909 8.892865 28.497938 32.382554 -56.899 158.933 40.753 6.250e+07 2
910 3.354277 24.222869 32.402771 295.909 187.591 118.745 6.250e+07 2
911 2.660697 25.685348 32.405454 184.601 93.297 -47.153 6.250e+07 2
912 6.555705 28.440221 32.430733 105.530 174.786 -41.523 6.250e+07 2
913 1.619900 23.494131 30.385172 148.814 296.732 19.510 6.250e+07 2
914 6.484073 28.971821 31.249813 116.173 216.137 65.168 6.250e+07 2
915 5.502979 29.911736 31.972376 -48.446 181.560 150.863 6.250e+07 2
916 27.775246 32.713937 37.481837 -56.704 95.252 14.320 6.250e+07 2
917 0.607334 21.418555 33.922229 162.609 14.472 -29.144 6.250e+07 2
918 0.906089 27.818233 32.868307 -45.997 -187.081 -110.381 6.250e+07 2
919 2.274259 29.015524 30.244937 -22.961 -215.105 200.252 6.250e+07 2
920 2.382302 29.361409 33.700521 -115.558 46.962 64.740 6.250e+07 2
921 208.852533 164.458621 -69.889920 86.564 76.635 -17.331 6.250e+07 2
922 3.089970 31.789528 31.867846 -278.618 -40.640 7.582 6.250e+07 2
923 16.301359 31.968216 30.277595 301.914 117.861 48.229 6.250e+07 2
924 13.643494 29.636514 34.183397 -79.819 176.682 -31.352 6.250e+07 2
925 5.519032 28.783750 32.004903 -88.604 295.259 87.295 6.250e+07 2
926 3.681896 31.194617 32.304215 -121.347 -159.367 -92.868 6.250e+07 2
927 3.845723 28.541263 31.155617 -23.909 23.964 24.753 6.250e+07 2
928 5.528132 29.594121 31.151922 -111.039 203.417 -6.513 6.250e+07 2
929 5.121575 32.135850 31.263877 -143.792 134.144 70.608 6.250e+07 2
930 3.432028 27.775588 31.622048 -40.035 -183.335 90.404 6.250e+07 2
931 -1.441781 26.621159 30.950564 176.249 -50.151 46.477 6.250e+07 2
932 6.236124 27.883804 31.811554 -14.447 231.033 18.037 6.250e+07 2
933 3.902137 26.796925 31.606676 84.837 -48.230 161.389 6.250e+07 2
934 -0.563207 29.221286 31.928101 18.529 -221.414 30.493 6.250e+07 2
935 4.128185 26.514263 31.706415 293.090 90.420 129.171 6.250e+07 2
936 6.021061 35.534246 30.494761 -191.051 -1.766 33.317 6.250e+07 2
937 4.820417 27.874475 31.811112 35.070 131.638 15.858 6.250e+07 2
938 6.803687 35.189459 32.176345 -186.585 71.192 43.191 6.250e+07 2
939 0.909176 17.044594 28.457228 28.810 -77.759 41.120 6.250e+07 2
940 4.969369 40.561811 31.474802 -166.268 79.725 27.590 6.250e+07 2
941 3.027135 27.909691 32.572987 -57.234 -269.833 85.161 6.250e+07 2
942 3.469156 27.995601 31.654846 -49.124 -135.784 106.795 6.250e+07 2
943 -1.743352 30.715069 31.487521 14.544 -162.876 -28.027 6.250e+07 2
944 4.179052 27.920219 32.070780 160.321 -41.753 207.999 6.250e+07 2
945 5.233330 27.947343 31.644968 -264.347 0.249 -144.051 6.250e+07 2
946 1.881086 23.012283 32.924219 152.127 -58.517 -34.110 6.250e+07 2
947 4.050036 28.648745 31.805266 351.563 235.022 -28.028 6.250e+07 2
948 3.923867 25.744004 31.366531 220.571 -11.785 -90.941 6.250e+07 2
949 -0.004608 15.095727 30.623329 145.128 21.647 20.272 6.250e+07 2
950 4.155158 27.534562 30.878425 108.630 -66.018 -40.278 6.250e+07 2
951 11.062415 29.631493 30.763584 64.205 226.555 -15.018 6.250e+07 2
952 3.503294 26.090015 30.245022 102.363 37.826 -29.730 6.250e+07 2
953 3.984035 29.813418 32.363209 -96.750 54.331 116.498 6.250e+07 2
954 7.887064 25.396355 31.923121 42.829 40.073 54.561 6.250e+07 2
955 1.994345 30.221289 31.902913 -77.156 -197.119 102.821 6.250e+07 2
956 6.266331 25.450637 34.210507 69.493 97.176 40.139 6.250e+07 2
957 1.646936 28.092897 31.659708 -30.886 4.405 45.507 6.250e+07 2
958 6.834020 23.164498 31.945746 40.921 -44.851 -45.932 6.250e+07 2
959 4.974599 27.269358 34.329267 82.747 168.503 -20.436 6.250e+07 2
960 35.910005 31.690545 33.010417 21.275 108.677 43.876 6.250e+07 2
961 4.757893 28.521616 31.285618 -102.795 172.512 15.548 6.250e+07 2
962 3.403226 28.630794 31.284859 99.500 -33.500 -131.877 6.250e+07 2
963 0.519802 28.064723 32.423488 -154.601 -62.633 131.927 6.250e+07 2
964 -1.474642 24.646821 29.915791 141.862 -41.573 46.950 6.250e+07 2
965 -9.653604 -7.206377 31.446825 -31.232 -1.648 22.451 6.250e+07 2
966 -3.175394 37.783651 32.187767 1.861 -100.254 34.929 6.250e+07 2
967 4.022013 28.778421 31.889091 -92.769 180.978 -65.334 6.250e+07 2
968 14.917127 29.845037 29.816074 140.281 142.795 -20.956 6.250e+07 2
969 2.842824 31.267277 30.720206 -181.903 -95.208 -29.467 6.250e+07 2
970 7.746203 30.787202 30.557593 -113.742 138.811 82.994 6.250e+07 2
971 2.955622 26.986545 31.243678 251.951 18.659 47.497 6.250e+07 2
972 4.819638 27.723139 32.059159 157.938 18.102 138.081 6.250e+07 2
973 8.509308 25.465234 32.682288 -4.587 322.350 -3.353 6.250e+07 2
974 2.148667 16.398699 31.453394 153.340 13.025 17.394 6.250e+07 2
975 -0.340092 29.204332 31.459232 38.616 -251.092 99.443 6.250e+07 2
976 3.431765 27.805446 32.419238 10.952 159.453 -75.157 6.250e+07 2
977 -3.055004 27.183920 32.414479 89.988 -151.879 -8.953 6.250e+07 2
978 -456.964525 211.441499 120.186283 -310.423 146.942 86.911 6.250e+07 2
979 -2.692486 23.097862 32.102098 81.439 -105.964 31.278 6.250e+07 2
980 12.135295 23.846033 34.782572 -67.875 198.168 20.963 6.250e+07 2
981 5.383702 27.385348 32.015303 112.615 173.135 -29.144 6.250e+07 2
982 -0.180690 29.446699 31.939818 -41.057 -154.611 -44.412 6.250e+07 2
983 4.121996 20.648661 31.826764 122.048 40.640 39.364 6.250e+07 2
984 3.307796 27.904826 31.271944 129.469 216.667 51.780 6.250e+07 2
985 -0.436634 26.083734 29.503757 54.711 -77.366 63.961 6.250e+07 2
986 4.203798 28.432917 32.055477 -106.754 165.141 -71.539 6.250e+07 2
987 4.187192 27.429727 30.147419 227.203 141.125 245.774 6.250e+07 2
988 7.501696 28.601315 31.010078 -168.598 18.857 186.818 6.250e+07 2
989 4.877731 30.832110 31.509367 -255.662 -55.249 60.181 6.250e+07 2
990 4.692687 28.640909 30.894453 192.970 28.386 -22.484 6.250e+07 2
991 279.489896 195.910101 22.427427 223.877 151.232 33.308 6.250e+07 2
992 3.874825 30.328677 32.325191 -24.498 -268.961 -22.776 6.250e+07 2
993 8.121811 31.521256 31.699027 -41.748 63.219 -12.980 6.250e+07 2
994 5.726367 30.630453 28.474021 -140.409 -149.434 158.557 6.250e+07 2
995 6.790828 29.466975 30.949347 48.245 146.472 144.358 6.250e+07 2
996 2.386488 28.514863 32.140278 15.168 45.848 49.883 6.250e+07 2
997 3.223437 21.940998 32.252742 287.479 -85.681 57.816 6.250e+07 2
998 -0.665461 30.927484 31.378922 -101.670 -72.629 16.238 6.250e+07 2
999 3.898511 28.324244 31.066860 -19.641 155.092 -43.670 6.250e+07 2
