# MOND N-body snapshot at t = 1.801 Gyr
# id x(kpc) y(kpc) z(kpc) vx(km/s) vy(km/s) vz(km/s) mass(M_sun) type
0 29.035170 -52.903740 -29.890207 -18.115 29.509 148.259 5.000e+07 1
1 9.677222 -18.665135 37.164694 163.279 -4.606 -100.294 5.000e+07 1
2 8.306600 -15.208773 36.282489 -71.403 4.276 -212.640 5.000e+07 1
3 11.371787 -15.094537 40.439778 -3.056 -69.373 38.177 5.000e+07 1
4 10.006681 -16.737157 35.330105 214.075 164.447 -66.444 5.000e+07 1
5 6.962426 -14.460553 35.673465 -24.048 -245.129 48.285 5.000e+07 1
6 6.074217 -17.708241 39.091250 -60.066 -105.671 -15.465 5.000e+07 1
7 34.214315 -64.874530 53.450464 62.640 -98.936 49.719 5.000e+07 1
8 2.327501 -16.007284 38.815848 -28.472 -74.143 31.611 5.000e+07 1
9 9.304241 -15.118590 36.663318 -173.568 71.720 161.224 5.000e+07 1
10 6.978139 -14.505280 37.762574 -214.723 -15.358 129.197 5.000e+07 1
11 6.375267 -16.144472 36.714387 197.843 3.764 95.906 5.000e+07 1
12 8.566485 -16.967875 36.938016 194.907 279.767 -7.340 5.000e+07 1
13 6.956887 -14.555681 37.280954 27.363 2.648 64.686 5.000e+07 1
14 5.921283 -17.154905 36.832261 228.606 -111.178 56.235 5.000e+07 1
15 8.568081 -13.708008 32.235957 27.828 35.206 0.019 5.000e+07 1
16 7.060564 -11.668501 38.345870 39.775 -6.772 93.290 5.000e+07 1
17 -26.639909 26.695480 48.526660 -89.188 96.297 0.414 5.000e+07 1
18 8.886054 -14.867588 35.274580 -43.485 -177.658 -57.045 5.000e+07 1
19 6.696767 -14.131457 34.690297 -101.576 71.978 -124.224 5.000e+07 1
20 6.844988 -16.687773 36.233473 98.312 -60.948 -14.550 5.000e+07 1
21 9.119312 -14.853697 36.372865 -201.649 150.675 188.054 5.000e+07 1
22 7.567285 -8.930450 30.927238 -45.641 62.875 -5.338 5.000e+07 1
23 7.078459 -12.742719 38.623902 -173.831 -34.347 -27.422 5.000e+07 1
24 3.262010 -13.797219 32.292361 28.328 9.436 -43.046 5.000e+07 1
25 110.919206 -51.188797 104.829474 123.248 -52.234 77.192 5.000e+07 1
26 4.214266 -8.272887 31.181350 -145.156 230.942 3.239 5.000e+07 1
27 6.240647 -16.360600 37.555456 -143.469 -211.798 -114.669 5.000e+07 1
28 9.298706 -14.863944 38.249831 112.350 224.049 47.861 5.000e+07 1
29 6.967964 -15.323683 36.206730 117.439 -101.534 23.505 5.000e+07 1
30 5.782093 -17.403685 35.985264 127.547 -13.101 144.378 5.000e+07 1
31 5.830755 -11.319546 34.228763 -76.337 -81.109 138.580 5.000e+07 1
32 10.441626 -10.328515 35.140563 -54.495 -25.457 138.980 5.000e+07 1
33 5.100516 -15.613058 36.126083 -35.975 42.315 -25.330 5.000e+07 1
34 7.610382 -22.196606 37.178372 95.360 -127.054 -44.600 5.000e+07 1
35 -0.511694 -8.534765 34.528169 21.982 -95.219 -44.230 5.000e+07 1
36 6.208517 -15.890210 37.518611 -215.685 -216.534 171.919 5.000e+07 1
37 16.031739 -5.645128 39.961425 37.894 74.367 29.613 5.000e+07 1
38 9.688439 0.127079 29.427068 -5.811 113.817 25.529 5.000e+07 1
39 8.728713 -15.358317 37.887818 102.938 -28.321 15.893 5.000e+07 1
40 10.092750 -14.745178 36.637350 18.128 47.679 89.926 5.000e+07 1
41 5.990044 -11.306747 36.426422 -195.926 6.583 106.925 5.000e+07 1
42 5.314123 -14.236928 35.758397 31.803 -242.245 3.735 5.000e+07 1
43 10.678771 -13.555732 36.422728 -92.648 36.919 -101.978 5.000e+07 1
44 8.020715 -17.043697 36.644712 342.559 -176.424 -43.445 5.000e+07 1
45 4.130094 -25.431826 37.257551 137.636 -109.476 -46.757 5.000e+07 1
46 1.775638 -11.990455 33.377609 -29.818 -155.395 70.489 5.000e+07 1
47 9.125219 -16.702686 38.804463 122.492 36.660 -24.482 5.000e+07 1
48 5.295342 -14.778581 37.460366 -45.730 -48.091 -89.077 5.000e+07 1
49 6.424765 -14.741797 36.466200 105.362 -236.506 56.067 5.000e+07 1
50 9.585620 -16.007488 34.369866 -41.010 110.678 -133.436 5.000e+07 1
51 5.718209 -9.959639 34.667847 -14.820 -320.348 -9.246 5.000e+07 1
52 13.871017 -18.694167 34.638837 38.080 194.300 -66.612 5.000e+07 1
53 11.804479 -14.123974 32.171110 -151.313 76.887 -12.065 5.000e+07 1
54 0.571324 -17.690091 40.904830 93.042 -116.533 11.103 5.000e+07 1
55 7.350931 -15.929714 36.224139 -175.511 289.549 -81.161 5.000e+07 1
56 10.593008 -17.568360 34.451851 32.348 111.568 -66.083 5.000e+07 1
57 8.558851 -16.859081 34.728469 32.049 -43.242 -110.442 5.000e+07 1
58 10.212178 -16.569507 34.537405 -258.820 185.121 78.484 5.000e+07 1
59 4.232629 -15.060721 37.288416 -234.805 -73.273 -152.548 5.000e+07 1
60 7.250860 -13.863969 36.668117 -62.936 239.016 84.187 5.000e+07 1
61 6.995711 -14.988315 36.681014 94.211 -10.703 -165.266 5.000e+07 1
62 10.742600 -15.107306 39.381824 -113.504 75.576 -14.117 5.000e+07 1
63 9.535818 -15.305795 37.593735 -110.407 173.054 -89.774 5.000e+07 1
64 7.945105 -17.486346 37.091384 -49.110 -94.256 -36.487 5.000e+07 1
65 5.346858 -12.900015 35.736090 -65.841 -122.738 -23.394 5.000e+07 1
66 12.061952 -17.656474 37.175760 64.581 247.631 75.218 5.000e+07 1
67 9.868622 -12.757513 37.158657 -230.631 3.122 15.766 5.000e+07 1
68 9.448457 -16.245122 36.332035 -1.714 24.440 -22.130 5.000e+07 1
69 17.789145 -18.664647 36.716893 -123.375 198.166 58.237 5.000e+07 1
70 10.239413 -16.140411 47.234685 23.877 -20.474 128.669 5.000e+07 1
71 4.842196 -15.881477 36.798632 -93.649 -257.879 123.188 5.000e+07 1
72 3.770155 -18.155344 39.158362 66.080 -38.445 -25.720 5.000e+07 1
73 23.148555 24.917838 29.865398 -47.013 -155.645 12.847 5.000e+07 1
74 32.514760 -29.867186 17.384523 123.331 -99.860 -60.383 5.000e+07 1
75 6.737996 -14.549796 37.646393 -4.585 -401.724 104.355 5.000e+07 1
76 6.467105 -11.203112 37.193575 -80.873 -59.803 22.691 5.000e+07 1
77 1.790430 -15.003304 36.236996 236.489 -139.840 -76.993 5.000e+07 1
78 11.268366 -13.339006 34.994527 -176.812 -13.715 201.841 5.000e+07 1
79 7.104525 -15.133502 38.523352 -38.959 -160.865 -71.919 5.000e+07 1
80 11.691644 -16.277841 38.075736 -37.074 217.402 -157.913 5.000e+07 1
81 8.068055 -14.578847 36.179887 -15.095 1.397 -43.888 5.000e+07 1
82 10.107285 -17.511527 35.983952 71.529 40.017 109.824 5.000e+07 1
83 97.264929 56.467382 78.074834 -10.800 -24.854 1.163 5.000e+07 1
84 3.428020 -18.162640 35.116109 21.330 -137.173 -4.659 5.000e+07 1
85 8.869596 -14.372651 37.572717 -164.173 152.161 -57.644 5.000e+07 1
86 8.380751 -15.088682 37.349704 -219.404 -67.379 35.356 5.000e+07 1
87 10.210140 -15.491988 34.381668 70.989 44.726 -1.722 5.000e+07 1
88 7.306604 -16.117419 38.313049 -305.549 -16.354 -95.889 5.000e+07 1
89 7.142280 -15.665694 36.374356 113.857 -83.496 -271.309 5.000e+07 1
90 -5.272876 -8.387371 25.688545 -87.280 4.689 -26.739 5.000e+07 1
91 18.225518 -6.113976 34.671630 58.294 113.371 -8.228 5.000e+07 1
92 10.266541 -12.806421 36.193714 -146.163 14.258 -111.740 5.000e+07 1
93 9.946653 -17.304614 37.493313 173.952 95.824 -103.395 5.000e+07 1
94 11.012723 -16.253619 35.449757 -66.539 151.981 -4.166 5.000e+07 1
95 7.422417 -15.011790 35.762357 -76.179 -114.369 13.055 5.000e+07 1
96 5.184779 -12.801670 34.007049 -48.889 -117.674 -9.006 5.000e+07 1
97 6.491868 -15.609238 36.010258 -207.088 14.009 -167.852 5.000e+07 1
98 3.668804 -15.808399 43.014032 75.386 -28.383 39.986 5.000e+07 1
99 9.358537 -16.079195 36.797683 27.650 141.499 -195.211 5.000e+07 1
100 4.978746 -19.641936 36.860127 138.512 -40.641 -9.370 5.000e+07 1
101 8.157601 -20.882901 35.737447 48.988 -25.065 17.647 5.000e+07 1
102 6.862016 -13.769158 36.472824 21.991 -28.021 111.211 5.000e+07 1
103 9.627601 -14.490450 35.964506 -100.095 -21.536 282.077 5.000e+07 1
104 8.333234 -15.246440 36.090865 175.852 174.582 -303.242 5.000e+07 1
105 10.040122 -15.509958 35.881637 -10.796 -46.054 33.494 5.000e+07 1
106 10.392613 -18.823580 35.155467 168.041 223.105 -45.904 5.000e+07 1
107 8.038946 -17.656388 36.875692 -24.495 -166.798 54.455 5.000e+07 1
108 11.382323 -13.263114 34.780078 -142.425 66.111 39.354 5.000e+07 1
109 9.544320 -15.276332 36.441974 -53.140 124.042 -191.039 5.000e+07 1
110 9.769329 -14.532015 37.501993 -160.857 -49.205 54.116 5.000e+07 1
111 2.733174 -22.479775 36.963613 -28.954 -120.365 -122.009 5.000e+07 1
112 11.313748 -19.602267 31.778368 111.075 115.370 -81.181 5.000e+07 1
113 9.555289 -16.575889 37.788769 206.431 104.512 -127.063 5.000e+07 1
114 11.301303 -13.634786 35.062300 -270.190 156.759 179.183 5.000e+07 1
115 2.219275 -20.445362 37.086186 172.486 94.580 -43.371 5.000e+07 1
116 8.443041 -15.953657 35.569974 193.693 -40.309 -77.605 5.000e+07 1
117 10.450497 -14.655101 37.946137 8.554 149.743 12.810 5.000e+07 1
118 7.705644 -14.383906 36.918368 63.261 42.690 -72.013 5.000e+07 1
119 9.184269 -18.133000 36.877566 252.185 51.674 160.104 5.000e+07 1
120 3.664528 -15.042840 35.868247 -41.948 55.889 1.161 5.000e+07 1
121 6.618332 -16.076462 34.984001 147.958 -169.362 -10.145 5.000e+07 1
122 5.677470 -15.709519 37.153346 62.748 -55.806 -356.337 5.000e+07 1
123 0.298416 -9.000164 39.544001 -173.300 151.774 100.258 5.000e+07 1
124 9.018938 -14.890131 35.857413 -129.624 -155.708 198.091 5.000e+07 1
125 8.238042 -15.466797 35.579728 68.017 -220.847 320.982 5.000e+07 1
126 7.675194 -18.452441 38.245510 88.775 94.413 90.644 5.000e+07 1
127 9.484529 -17.890619 37.891653 -38.951 229.273 115.189 5.000e+07 1
128 16.713631 -11.637211 35.385962 -134.577 0.946 19.868 5.000e+07 1
129 4.748164 -15.319012 37.178978 46.844 -170.372 -166.838 5.000e+07 1
130 5.120970 -14.436619 35.826052 177.709 -33.351 48.165 5.000e+07 1
131 7.341858 -19.079309 36.564170 106.565 -77.334 62.763 5.000e+07 1
132 5.654216 -13.069933 38.376974 78.250 -226.101 107.077 5.000e+07 1
133 8.226426 -15.214979 36.881432 -16.503 -242.437 -90.429 5.000e+07 1
134 10.397183 -13.784191 35.817115 122.362 204.178 34.004 5.000e+07 1
135 8.402633 -17.744933 36.803936 -79.402 71.139 -62.557 5.000e+07 1
136 2.612315 -31.350261 40.495007 60.827 -36.675 52.227 5.000e+07 1
137 7.641171 -23.009898 37.116399 -38.949 -295.962 36.652 5.000e+07 1
138 4.794094 -13.606078 34.973879 290.229 -113.532 125.748 5.000e+07 1
139 11.086963 -15.006751 38.304461 -331.646 -164.069 -36.949 5.000e+07 1
140 7.860492 -15.794676 35.245950 91.919 -131.115 -153.473 5.000e+07 1
141 0.503748 -5.433920 36.128708 -74.350 -48.701 -20.220 5.000e+07 1
142 12.853635 -16.175902 39.490893 19.747 48.168 0.495 5.000e+07 1
143 15.849789 -14.417527 38.017119 8.512 165.867 18.717 5.000e+07 1
144 4.586466 -15.877573 34.992097 16.568 31.057 161.343 5.000e+07 1
145 7.066584 -13.490630 37.035839 -149.019 -227.025 -30.747 5.000e+07 1
146 8.791668 -22.601093 35.456321 121.089 -114.650 -18.597 5.000e+07 1
147 3.468785 -11.191418 37.037190 -39.688 -200.319 -88.248 5.000e+07 1
148 9.823858 -14.525968 37.297371 -1.648 -92.737 51.407 5.000e+07 1
149 7.891904 -14.650203 35.358618 -25.699 -64.528 46.202 5.000e+07 1
150 9.138788 -14.381178 36.711226 -44.756 -1.959 113.168 5.000e+07 1
151 9.606707 -16.307193 38.506696 -125.299 10.213 93.242 5.000e+07 1
152 227.175806 34.413547 -20.309946 -168.215 -33.193 46.535 5.000e+07 1
153 9.257875 -15.274596 37.061741 -9.255 -125.492 160.720 5.000e+07 1
154 -1.506131 -12.608089 35.328540 31.031 -94.788 35.395 5.000e+07 1
155 4.540487 -14.869238 37.530406 103.856 -311.839 89.320 5.000e+07 1
156 7.398601 -15.044881 33.725241 41.975 -205.142 99.287 5.000e+07 1
157 16.086512 -7.073605 35.696601 -174.826 -11.833 16.794 5.000e+07 1
158 9.577918 -12.344268 34.993319 -27.736 -104.627 -97.650 5.000e+07 1
159 8.237866 -14.627762 38.084483 -135.026 -77.035 206.899 5.000e+07 1
160 6.405703 -13.448932 34.969612 -233.167 3.439 76.536 5.000e+07 1
161 7.884498 -15.248182 36.822100 -15.059 -189.247 175.524 5.000e+07 1
162 7.869492 -11.660680 35.710029 -261.565 -8.638 63.151 5.000e+07 1
163 5.600629 -12.836031 35.949890 -82.633 -21.610 -103.016 5.000e+07 1
164 13.850607 -14.981988 35.283896 169.838 20.642 139.606 5.000e+07 1
165 8.552804 -13.727872 39.474883 -143.726 -75.939 64.471 5.000e+07 1
166 7.817470 -14.510102 36.855515 4.624 -133.104 7.250 5.000e+07 1
167 11.881421 -13.956104 35.398290 -105.561 142.474 65.115 5.000e+07 1
168 9.102266 -15.130977 36.620322 153.824 116.836 82.438 5.000e+07 1
169 8.479579 -15.065570 36.211836 45.642 -37.132 168.214 5.000e+07 1
170 5.972431 -21.001257 37.615583 29.776 -79.026 67.634 5.000e+07 1
171 3.207118 -10.966583 42.447384 94.590 -56.504 -117.640 5.000e+07 1
172 6.122548 -16.047494 34.994882 -134.795 -41.226 -20.118 5.000e+07 1
173 1.369956 -15.202808 36.725015 -75.162 -129.563 -190.564 5.000e+07 1
174 11.484590 -24.560670 30.180943 32.349 -71.546 -42.727 5.000e+07 1
175 9.440313 -14.667207 36.691504 -234.236 98.860 47.613 5.000e+07 1
176 8.196889 -13.513192 38.325963 -138.508 -27.208 -39.650 5.000e+07 1
177 7.067909 -14.740591 36.738934 -35.403 -155.488 -32.429 5.000e+07 1
178 11.446082 -14.190789 36.031060 -123.374 262.746 -46.948 5.000e+07 1
179 8.983619 -20.928090 37.735729 28.086 20.389 3.031 5.000e+07 1
180 9.392422 -16.888840 36.689464 76.109 289.647 -198.894 5.000e+07 1
181 14.954549 -20.280163 35.102041 139.283 175.971 46.340 5.000e+07 1
182 8.046389 -13.525573 33.410765 119.666 45.740 -82.072 5.000e+07 1
183 13.423634 -26.769068 23.253911 15.039 29.633 -2.063 5.000e+07 1
184 8.166238 -14.988775 37.136947 -2.601 -7.132 -20.675 5.000e+07 1
185 8.826976 -15.238964 37.345216 -107.018 146.164 156.471 5.000e+07 1
186 5.656323 -13.104293 38.081230 -27.144 -150.664 129.737 5.000e+07 1
187 8.218647 -15.170782 35.518574 -159.027 44.601 158.225 5.000e+07 1
188 8.247929 -14.342721 37.570017 82.354 -158.361 136.910 5.000e+07 1
189 9.575667 -12.402767 34.149867 -103.761 97.995 -177.575 5.000e+07 1
190 3.026453 -20.660234 38.937019 80.957 -128.072 21.527 5.000e+07 1
191 9.108367 -11.069940 38.679508 -208.254 86.125 83.643 5.000e+07 1
192 2.408795 -17.338079 38.031726 0.474 33.539 93.098 5.000e+07 1
193 12.017121 -13.669129 33.247373 84.014 174.494 -16.328 5.000e+07 1
194 8.573396 -15.929705 37.100001 129.042 52.501 378.384 5.000e+07 1
195 6.072886 -13.680821 36.062763 -187.444 -12.408 130.767 5.000e+07 1
196 8.845595 -14.801687 36.824729 -82.207 -51.308 58.772 5.000e+07 1
197 8.024559 -13.519187 38.620615 -59.034 -86.296 -86.949 5.000e+07 1
198 7.672048 -14.811145 36.939611 84.380 27.580 162.532 5.000e+07 1
199 11.519278 -11.209243 37.628386 -150.155 43.204 -123.613 5.000e+07 1
200 8.155230 -19.294248 37.471395 236.167 -12.151 14.740 6.250e+07 2
201 8.631772 -16.735151 35.385094 236.101 -208.908 2.242 6.250e+07 2
202 6.906066 -17.023887 37.543795 5.165 -56.006 103.199 6.250e+07 2
203 3.539547 -20.303869 34.470771 90.594 -34.949 -12.639 6.250e+07 2
204 13.474123 -7.302022 37.071965 -124.243 33.754 30.070 6.250e+07 2
205 -0.082647 -15.930668 35.865979 11.976 -204.427 -30.059 6.250e+07 2
206 5.101739 -17.696328 35.978945 46.818 -239.482 62.713 6.250e+07 2
207 7.832334 -16.480479 36.715761 241.271 49.074 -155.008 6.250e+07 2
208 3.725338 -10.588727 37.059289 -55.267 -248.641 -46.463 6.250e+07 2
209 6.630340 -16.040777 36.823557 265.734 -97.827 -30.615 6.250e+07 2
210 10.549116 -15.593432 37.806773 36.602 198.931 39.094 6.250e+07 2
211 6.465728 -13.476349 39.231671 98.478 -28.239 36.390 6.250e+07 2
212 11.371637 -11.339977 33.627704 -142.192 -30.387 -13.683 6.250e+07 2
213 8.092379 -15.177635 36.408148 26.094 5.921 76.819 6.250e+07 2
214 9.282354 -13.729387 36.142776 -10.957 -2.272 -68.089 6.250e+07 2
215 10.195620 -13.620311 35.977280 -215.856 49.024 81.111 6.250e+07 2
216 6.337246 -11.715136 38.627271 -64.018 -122.013 -1.739 6.250e+07 2
217 4.551531 -18.894443 36.534242 62.148 -63.775 74.547 6.250e+07 2
218 8.231453 -15.907048 36.773889 187.460 68.716 -34.280 6.250e+07 2
219 7.065566 -16.863743 36.561902 210.680 -80.247 -127.388 6.250e+07 2
220 7.518449 -15.878867 36.470652 -146.261 -274.457 49.075 6.250e+07 2
221 8.243441 -13.188563 36.022546 -170.754 -55.337 -18.473 6.250e+07 2
222 8.439447 -11.576554 37.195695 -186.146 43.677 94.072 6.250e+07 2
223 6.867349 -14.906070 36.423101 -50.876 -260.471 -161.073 6.250e+07 2
224 4.997053 -12.920191 35.900275 -38.236 -83.394 37.096 6.250e+07 2
225 21.194507 -13.849762 35.265310 -88.511 99.795 -10.631 6.250e+07 2
226 11.179854 -11.684684 35.222770 -7.978 159.069 -22.519 6.250e+07 2
227 4.319206 -5.583037 37.515314 -86.863 -107.282 -19.657 6.250e+07 2
228 18.197935 -11.944046 34.792074 -33.305 151.551 -0.951 6.250e+07 2
229 4.029902 -9.967827 36.486742 -39.516 -219.494 49.879 6.250e+07 2
230 7.562712 -15.016683 36.385586 261.289 98.581 -89.976 6.250e+07 2
231 1.751507 -23.781012 32.988604 -8.779 -97.345 15.764 6.250e+07 2
232 8.268321 -15.152830 37.413629 -63.049 -46.437 -54.279 6.250e+07 2
233 8.705529 -15.737370 36.548674 -180.870 -72.577 253.221 6.250e+07 2
234 10.030535 -14.247706 35.166094 58.723 29.085 -179.541 6.250e+07 2
235 -1658.445970 1183.563079 127.987665 -878.009 626.561 68.189 6.250e+07 2
236 9.291002 -14.288220 37.035331 -31.991 92.909 29.827 6.250e+07 2
237 3.918714 -17.018714 37.844737 -115.107 -87.074 27.079 6.250e+07 2
238 6.563061 -16.147858 37.343855 182.896 -102.417 26.170 6.250e+07 2
239 1.394677 -8.097562 37.307035 -63.278 11.877 88.177 6.250e+07 2
240 0.469185 -19.800034 36.954768 -6.434 -162.580 -24.252 6.250e+07 2
241 7.007204 -14.527871 38.353108 -222.171 123.661 86.725 6.250e+07 2
242 9.973546 -14.809631 38.867054 11.461 88.160 61.833 6.250e+07 2
243 8.980802 -14.332017 36.897544 -112.662 -63.414 13.429 6.250e+07 2
244 7.727400 -14.643396 36.886152 -162.304 -40.448 -151.776 6.250e+07 2
245 4.301586 -15.219089 37.368421 -193.505 -53.357 112.075 6.250e+07 2
246 -2119.711673 -1443.852108 -61.063965 -1132.518 -771.583 -32.367 6.250e+07 2
247 -1160.056281 1031.444748 -97.724498 -603.820 536.526 -50.001 6.250e+07 2
248 7.854878 -14.297075 36.272134 -83.699 -230.171 -134.786 6.250e+07 2
249 8.027495 -14.209332 36.829343 -148.834 115.348 24.893 6.250e+07 2
250 6.432291 -16.105329 36.511625 -31.404 27.584 22.338 6.250e+07 2
251 8.417239 -14.447675 36.479355 -62.198 303.696 -103.650 6.250e+07 2
252 7.534883 -16.229025 37.140889 169.011 121.622 -37.825 6.250e+07 2
253 8.311752 -16.791566 36.208991 274.528 264.484 12.146 6.250e+07 2
254 5.617862 -14.084589 36.214492 -99.061 -178.711 117.131 6.250e+07 2
255 11.447923 -19.737294 36.176014 69.602 46.711 -63.796 6.250e+07 2
256 7.033919 -15.419060 35.323871 -81.077 -98.930 57.337 6.250e+07 2
257 8.362476 -11.842437 35.743699 -226.989 24.217 -162.492 6.250e+07 2
258 9.761904 -14.859390 36.804779 72.035 33.973 62.648 6.250e+07 2
259 12.098186 -20.509329 36.041725 244.570 -71.111 113.095 6.250e+07 2
260 9.177077 -17.513402 36.519534 -24.472 85.630 88.682 6.250e+07 2
261 8.941775 -14.786644 36.492327 -20.109 141.124 137.541 6.250e+07 2
262 9.284509 -15.151806 36.027634 -138.323 41.468 147.161 6.250e+07 2
263 8.038599 -23.906721 33.703396 91.743 -97.066 1.087 6.250e+07 2
264 7.282864 -15.770867 35.640956 30.334 -45.035 43.976 6.250e+07 2
265 6.444675 -15.600668 36.984087 124.004 -222.934 115.953 6.250e+07 2
266 6.760227 -14.688287 36.694514 -175.564 -64.525 26.048 6.250e+07 2
267 10.703956 -15.017991 36.941486 7.726 -37.747 -36.169 6.250e+07 2
268 11.895037 -16.723118 38.210536 31.115 63.116 3.150 6.250e+07 2
269 8.443533 -14.760654 37.343348 -150.843 -57.231 28.083 6.250e+07 2
270 8.088614 -14.901172 35.938515 -200.884 362.834 196.942 6.250e+07 2
271 8.573138 -15.287084 37.145873 6.814 -88.460 -12.430 6.250e+07 2
272 6.684195 -16.497741 36.351344 204.861 138.897 136.603 6.250e+07 2
273 8.777618 -20.535249 36.267123 293.636 -104.995 -17.025 6.250e+07 2
274 -0.695236 -12.661217 37.962622 -33.463 -152.701 20.249 6.250e+07 2
275 7.687559 -14.764126 34.750050 -134.547 246.656 -73.157 6.250e+07 2
276 11.035923 -18.505563 37.232437 136.598 203.214 72.450 6.250e+07 2
277 7.478388 -13.657310 40.050288 114.057 -214.550 -160.673 6.250e+07 2
278 7.906604 -14.051929 38.142875 68.533 -54.759 -153.059 6.250e+07 2
279 7.841463 -15.273197 37.335633 -16.312 81.617 64.017 6.250e+07 2
280 8.441686 -14.194268 37.383892 -150.395 141.176 169.366 6.250e+07 2
281 6.119313 -15.599202 35.689286 52.275 -17.356 157.917 6.250e+07 2
282 8.194492 -15.212310 37.236456 -57.044 4.810 -39.412 6.250e+07 2
283 6.563052 -13.925177 37.262921 188.808 -70.961 -90.805 6.250e+07 2
284 8.230309 -15.560360 37.432324 98.360 78.989 -111.470 6.250e+07 2
285 6.578942 -13.711005 36.583116 -118.943 51.114 -3.368 6.250e+07 2
286 8.196288 -15.037707 36.991245 52.459 -73.246 -131.127 6.250e+07 2
287 7.729664 -14.716082 40.078990 -86.014 52.373 -121.107 6.250e+07 2
288 3.317423 -16.594379 39.735108 -161.803 -64.674 10.113 6.250e+07 2
289 10.904716 -15.306368 36.517277 -23.969 85.887 66.416 6.250e+07 2
290 7.326833 -15.917773 36.841272 -117.881 -76.511 31.281 6.250e+07 2
291 8.138283 -15.294730 37.571396 -7.831 -4.957 -73.652 6.250e+07 2
292 15.347090 1113.031357 -78.496163 7.726 557.360 -37.945 6.250e+07 2
293 7.398408 -13.833777 37.044845 -53.818 -23.360 -130.685 6.250e+07 2
294 21.590444 1929.291876 -65.676228 11.836 1018.086 -34.736 6.250e+07 2
295 7.514715 -14.751176 36.967115 -79.130 -126.117 -205.592 6.250e+07 2
296 11.056932 -16.955333 37.801652 132.471 201.227 -57.535 6.250e+07 2
297 -59.934183 -1008.866557 -120.308063 -28.709 -495.785 -57.135 6.250e+07 2
298 10.992383 -15.627485 36.163702 138.151 33.380 -125.252 6.250e+07 2
299 16.696679 -11.130721 31.372275 -33.562 105.091 10.982 6.250e+07 2
300 7.629695 -16.465838 37.099808 3.108 -88.981 91.791 6.250e+07 2
301 12.394204 -10.272838 36.464043 -97.114 149.381 -29.357 6.250e+07 2
302 5.742787 -14.770519 37.682002 79.752 -247.545 18.674 6.250e+07 2
303 -0.604098 -7.152615 37.178690 -144.580 -0.668 1.131 6.250e+07 2
304 9.122610 -15.107844 36.338106 -47.742 295.265 -37.543 6.250e+07 2
305 8.680262 -14.756104 36.697729 -134.325 -48.415 -11.644 6.250e+07 2
306 9.622328 -16.622135 36.311027 -69.063 72.462 58.909 6.250e+07 2
307 7.835679 -22.202709 37.157933 152.921 73.392 47.868 6.250e+07 2
308 8.143719 -16.146532 37.004485 -98.326 -86.753 -183.401 6.250e+07 2
309 -4.448975 2.230978 28.802406 -85.442 10.235 -5.275 6.250e+07 2
310 0.877239 -15.906049 34.585443 28.698 -129.354 -33.416 6.250e+07 2
311 11.071665 -17.064070 35.778042 -85.358 47.278 -4.736 6.250e+07 2
312 7.249216 -12.863108 37.914865 -168.106 -19.849 -106.844 6.250e+07 2
313 8.455038 -15.195038 34.702757 38.659 -97.473 -105.488 6.250e+07 2
314 8.554347 -15.422791 36.037254 -103.689 32.917 96.944 6.250e+07 2
315 5.444104 -15.221113 36.042256 -155.790 -185.646 -81.349 6.250e+07 2
316 9.693271 -15.567986 37.683030 28.223 -40.568 -43.039 6.250e+07 2
317 22.710999 -20.354542 36.588069 -136.185 125.113 19.220 6.250e+07 2
318 8.769271 -15.686996 37.287758 136.429 130.129 -193.146 6.250e+07 2
319 5.037693 -32.877931 37.944765 65.717 -18.395 3.461 6.250e+07 2
320 7.714750 -14.429181 37.193852 -204.398 116.052 15.665 6.250e+07 2
321 9.043427 -13.546081 35.228734 -261.584 9.860 101.668 6.250e+07 2
322 3.407878 -19.482886 35.015904 114.481 -135.340 -78.777 6.250e+07 2
323 8.587766 -15.621485 36.352643 193.574 -6.773 -24.519 6.250e+07 2
324 7.653663 -17.653463 36.845119 246.038 31.478 127.829 6.250e+07 2
325 6.969483 -12.125208 34.566284 -33.022 29.910 -51.674 6.250e+07 2
326 5.442458 -19.398045 40.778243 149.064 -66.758 4.122 6.250e+07 2
327 6.639703 -6.976955 36.494670 -58.428 -20.978 39.882 6.250e+07 2
328 8.209560 -5.664115 37.575689 -24.062 40.652 71.412 6.250e+07 2
329 8.504863 -13.246182 36.642905 -48.581 179.321 45.941 6.250e+07 2
330 5.737721 -18.790366 36.053406 54.541 136.602 -12.733 6.250e+07 2
331 7.780488 -14.849758 37.380305 117.798 144.671 -52.540 6.250e+07 2
332 8.903759 -15.416072 36.750323 9.050 57.811 -155.985 6.250e+07 2
333 11.077252 -10.298728 39.191430 -184.422 28.702 -44.516 6.250e+07 2
334 6.493226 -12.577421 33.550711 -45.326 -23.248 -100.397 6.250e+07 2
335 5.261259 -14.564367 38.344533 -74.457 92.995 94.288 6.250e+07 2
336 7.419894 -17.513971 36.978611 -30.026 -4.612 19.547 6.250e+07 2
337 5.699537 -19.291178 34.896968 86.465 -218.475 29.636 6.250e+07 2
338 8.534537 -18.039868 35.675635 264.612 -14.165 -88.804 6.250e+07 2
339 11.539789 -15.916538 36.993489 181.972 216.628 55.320 6.250e+07 2
340 -0.879747 -12.892622 35.484250 87.788 -118.968 53.439 6.250e+07 2
341 14.942326 -15.320313 35.389768 -116.295 24.611 27.926 6.250e+07 2
342 6.338198 -13.304620 37.906908 56.391 -229.996 -73.972 6.250e+07 2
343 9.446137 -15.898785 37.047827 0.169 135.513 -152.548 6.250e+07 2
344 6.473821 -15.018372 33.875854 48.407 -128.478 35.363 6.250e+07 2
345 8.947847 -15.831718 38.104149 2.709 43.519 83.336 6.250e+07 2
346 6.220932 -11.582266 39.179608 -118.754 -50.117 97.421 6.250e+07 2
347 10.275056 -13.513510 36.338644 -187.162 -45.056 -101.515 6.250e+07 2
348 6.924087 -15.907980 36.586299 100.138 -172.886 -91.228 6.250e+07 2
349 7.057023 -15.434555 37.286273 80.579 -282.609 -22.063 6.250e+07 2
350 12.621331 -20.466151 36.051379 124.110 131.400 57.215 6.250e+07 2
351 -118.280711 72.891129 -1.004214 78.948 -64.051 41.914 6.250e+07 2
352 7.086567 -10.442146 36.816965 -122.510 39.751 57.474 6.250e+07 2
353 10.866151 -16.391252 38.299344 48.277 33.557 1.696 6.250e+07 2
354 7.009707 -13.883738 35.542280 -109.290 -64.922 64.727 6.250e+07 2
355 9.345379 -12.138524 36.589898 -212.276 37.245 -68.065 6.250e+07 2
356 3.727978 -13.339648 35.177040 37.415 -125.571 -110.818 6.250e+07 2
357 8.611192 -15.023120 35.839119 -59.440 252.302 6.822 6.250e+07 2
358 12.523781 -14.278825 37.266068 -131.049 -17.163 3.351 6.250e+07 2
359 8.194750 -16.910266 36.793008 77.180 -26.285 -69.586 6.250e+07 2
360 2.177051 -17.730691 35.419780 -113.413 -98.541 -30.884 6.250e+07 2
361 9.101028 -13.921046 37.059283 183.856 -44.233 74.845 6.250e+07 2
362 4.938051 -26.388299 35.819624 134.684 -154.543 -2.265 6.250e+07 2
363 -1.930843 -16.297846 35.330764 46.727 -57.808 16.652 6.250e+07 2
364 0.639695 -9.762405 35.419960 8.185 -151.201 59.650 6.250e+07 2
365 0.745921 -13.414411 37.269235 -39.387 -213.268 85.763 6.250e+07 2
366 7.799892 -15.646021 36.042007 54.017 52.259 75.196 6.250e+07 2
367 8.630598 -13.233164 35.468955 -86.729 -85.907 170.138 6.250e+07 2
368 8.261588 -12.799665 35.339046 -66.632 65.574 225.483 6.250e+07 2
369 6.445790 -10.681566 36.056163 -118.241 -147.113 51.886 6.250e+07 2
370 7.992073 -15.507987 36.578404 29.738 70.471 272.445 6.250e+07 2
371 3.932943 -12.427704 35.916842 -108.951 -224.558 -36.484 6.250e+07 2
372 4.808942 -17.527588 35.511183 131.792 -259.896 107.096 6.250e+07 2
373 5.403510 -17.178276 36.873374 226.975 -125.218 -37.712 6.250e+07 2
374 3.305769 -19.861627 37.011839 -110.172 -191.786 -42.894 6.250e+07 2
375 5.250852 -21.674001 35.084458 -29.869 -25.164 -26.181 6.250e+07 2
376 6.805418 -10.013614 36.212675 -282.280 -88.677 -2.296 6.250e+07 2
377 10.516071 -15.500207 37.251014 -146.013 101.906 151.510 6.250e+07 2
378 2.733544 -0.385170 39.030212 -147.684 -5.902 24.179 6.250e+07 2
379 5.876074 -14.099387 36.433408 163.724 -138.861 10.283 6.250e+07 2
380 6.599565 -15.119340 35.511496 22.734 -53.496 -81.224 6.250e+07 2
381 6.882179 -16.877114 37.131256 120.156 -89.591 -25.851 6.250e+07 2
382 9.128543 -16.290972 36.891127 86.702 -80.944 152.967 6.250e+07 2
383 9.113362 -16.708666 37.866887 52.523 164.656 8.187 6.250e+07 2
384 5.504234 -14.786530 37.703129 55.443 -76.428 6.979 6.250e+07 2
385 15.983481 -11.662838 40.159790 -85.223 52.978 -8.494 6.250e+07 2
386 2.196785 -11.729776 36.976105 -88.479 -174.381 66.072 6.250e+07 2
387 9.439747 -14.387786 36.686357 -2.901 0.541 12.087 6.250e+07 2
388 9.036824 -16.939741 36.830763 128.735 -149.586 -65.638 6.250e+07 2
389 8.743283 -16.464375 36.910047 -160.461 33.666 -130.698 6.250e+07 2
390 7.610867 -14.020831 37.079546 90.625 55.286 -28.460 6.250e+07 2
391 8.521478 -15.399257 36.918486 -115.908 316.981 -63.770 6.250e+07 2
392 8.785761 -26.013966 34.305826 123.851 54.542 3.969 6.250e+07 2
393 9.362397 -18.966796 38.159637 56.841 157.738 -3.851 6.250e+07 2
394 7.002899 -17.780125 37.265029 277.002 71.861 19.728 6.250e+07 2
395 7.678866 -10.293034 36.739082 -63.333 -86.734 -53.232 6.250e+07 2
396 8.430261 -14.742114 37.037151 -44.618 47.679 -13.373 6.250e+07 2
397 5.432877 -12.746824 37.575903 -54.331 -114.533 123.730 6.250e+07 2
398 7.988664 -20.315333 37.237717 87.881 45.693 -6.309 6.250e+07 2
399 16.271532 -12.744169 36.722495 -51.925 81.628 2.656 6.250e+07 2
400 15.026260 -19.045060 38.221082 140.484 147.988 22.763 6.250e+07 2
401 4.069099 -25.135346 34.653189 82.320 -147.082 8.146 6.250e+07 2
402 8.268374 -14.707285 37.705562 -234.320 -139.523 -26.203 6.250e+07 2
403 11.820775 -10.368494 36.360120 -194.408 71.100 82.530 6.250e+07 2
404 -1.379255 -12.173114 40.215316 -55.810 10.838 36.265 6.250e+07 2
405 19.170750 -6.746143 39.222156 -185.796 73.725 -36.478 6.250e+07 2
406 18.736527 -19.646354 36.503678 34.464 116.266 -33.243 6.250e+07 2
407 10.847741 -11.329233 34.516786 -196.995 -11.081 52.013 6.250e+07 2
408 10.534145 -18.699419 36.377952 117.162 65.804 4.249 6.250e+07 2
409 7.669077 -15.500672 36.677208 180.616 -210.430 68.373 6.250e+07 2
410 8.514379 -13.866001 36.054776 -63.120 107.978 194.081 6.250e+07 2
411 5.519850 -11.227700 37.346834 62.865 -90.608 106.468 6.250e+07 2
412 4.408238 -16.386327 35.687800 90.225 -144.062 -37.196 6.250e+07 2
413 14.528797 -9.462488 38.545959 -47.528 107.365 111.175 6.250e+07 2
414 9.180844 -15.820939 36.730894 103.032 239.351 -78.688 6.250e+07 2
415 10.163731 -9.852380 34.188953 -61.292 6.923 52.630 6.250e+07 2
416 16.444643 -8.540853 36.976475 35.510 246.648 1.311 6.250e+07 2
417 95.651029 -1770.150298 154.972868 50.452 -929.454 82.032 6.250e+07 2
418 7.934529 -15.548695 36.763398 161.448 -124.409 42.259 6.250e+07 2
419 7.257374 -13.918412 36.500166 -270.820 213.453 173.015 6.250e+07 2
420 8.034241 -13.213243 36.371272 84.518 126.112 57.611 6.250e+07 2
421 7.737071 -14.968379 33.895476 -117.251 -38.160 -42.430 6.250e+07 2
422 -1.232902 -9.257313 37.934787 -44.796 -63.530 58.724 6.250e+07 2
423 28.654259 1.835047 35.639050 -39.547 64.158 6.086 6.250e+07 2
424 7.267964 -16.111199 37.361897 51.577 -268.456 -167.760 6.250e+07 2
425 9.919414 -18.952262 36.027347 192.108 4.054 -38.536 6.250e+07 2
426 8.407958 -14.955422 37.393270 41.852 277.619 -25.881 6.250e+07 2
427 6.999955 -16.757668 36.916381 88.927 -246.616 19.192 6.250e+07 2
428 8.407602 -20.948379 38.780523 85.379 -85.343 104.443 6.250e+07 2
429 12.637506 -9.940194 39.080201 -190.212 95.513 66.521 6.250e+07 2
430 8.107102 -14.410136 37.322823 -4.696 28.909 67.058 6.250e+07 2
431 9.251687 -14.164587 37.347597 -98.478 72.500 -1.543 6.250e+07 2
432 8.773779 -15.208084 35.906633 -15.887 217.520 -223.377 6.250e+07 2
433 8.881988 -15.684194 37.125507 93.974 -59.047 180.417 6.250e+07 2
434 6.694104 -11.983774 37.071222 -406.104 9.339 78.557 6.250e+07 2
435 7.550374 -15.260923 36.823327 -65.205 -205.975 42.197 6.250e+07 2
436 9.013885 -10.599255 36.167105 -171.861 91.908 12.116 6.250e+07 2
437 7.641250 -15.443350 37.374859 -121.556 -135.427 -6.382 6.250e+07 2
438 -2.170100 -16.491181 36.537707 -59.547 -215.179 55.236 6.250e+07 2
439 7.711247 -13.788165 37.451837 -103.423 -94.609 -127.848 6.250e+07 2
440 25.635295 -32.895008 39.242636 24.463 137.420 16.563 6.250e+07 2
441 9.613973 -17.766355 37.715193 250.616 -228.197 5.814 6.250e+07 2
442 6.841585 -15.847109 37.126632 -98.824 -155.965 -17.061 6.250e+07 2
443 10.850524 -14.606734 36.342618 -200.939 179.594 24.900 6.250e+07 2
444 8.344792 -18.096451 37.234072 92.915 130.702 215.660 6.250e+07 2
445 5.583648 -17.134473 37.011649 -97.788 -70.686 55.141 6.250e+07 2
446 16.513987 -20.514822 38.711253 144.304 57.566 15.705 6.250e+07 2
447 6.282806 -16.738735 37.252940 321.630 108.492 68.181 6.250e+07 2
448 3.430707 -13.496400 36.012085 -129.509 -218.850 -1.094 6.250e+07 2
449 8.463027 -14.668262 36.796405 -57.836 246.899 -12.465 6.250e+07 2
450 9.348724 -15.388512 37.171834 144.504 221.339 65.610 6.250e+07 2
451 8.188998 -16.644488 37.624055 88.445 -14.459 -18.612 6.250e+07 2
452 1.104012 -9.402392 36.883248 -45.179 -155.009 33.439 6.250e+07 2
453 9.102324 -8.925438 38.628399 -253.813 84.802 -19.152 6.250e+07 2
454 7.515672 -16.059223 38.738680 -94.655 6.409 -38.387 6.250e+07 2
455 8.147683 -15.262237 36.095883 -82.358 -133.736 21.716 6.250e+07 2
456 12.037500 -24.590161 34.675881 66.177 -16.914 71.375 6.250e+07 2
457 8.588804 -15.638702 36.902324 -78.385 98.348 177.502 6.250e+07 2
458 3.083166 -19.526064 38.895014 18.360 -11.969 36.222 6.250e+07 2
459 11.332201 -18.679528 37.740977 115.723 113.640 -4.408 6.250e+07 2
460 8.380556 -15.051500 37.185437 61.944 146.152 130.720 6.250e+07 2
461 8.113044 -15.656878 37.332405 336.488 155.101 216.715 6.250e+07 2
462 8.610903 -16.187388 36.462148 16.690 46.567 24.945 6.250e+07 2
463 9.428655 -17.079308 36.961827 -22.757 156.464 11.326 6.250e+07 2
464 2.192131 -4.910270 35.723161 -187.399 -56.605 13.972 6.250e+07 2
465 8.718436 -16.193924 37.264350 173.003 38.643 94.367 6.250e+07 2
466 8.390393 -14.267240 37.303913 56.544 -259.696 20.952 6.250e+07 2
467 28.445456 -14.749086 34.498540 -91.802 76.877 51.012 6.250e+07 2
468 7.096977 -15.853524 37.864097 -43.060 18.922 72.257 6.250e+07 2
469 9.808120 -15.788911 37.857873 -70.039 2.037 177.902 6.250e+07 2
470 13.792584 -0.450025 38.803367 -147.793 -154.956 25.387 6.250e+07 2
471 9.236476 -17.154314 36.222015 200.832 -43.106 -12.192 6.250e+07 2
472 -12.577050 -20.836788 28.696005 30.705 -2.792 6.474 6.250e+07 2
473 7.551268 -15.506747 36.443749 -74.176 -41.126 17.445 6.250e+07 2
474 12.035324 -18.635274 35.624931 187.305 75.406 13.391 6.250e+07 2
475 18.602997 -15.316021 35.892012 -164.056 166.024 -21.539 6.250e+07 2
476 -799.063403 -80.753647 166.880249 -371.950 -39.124 80.665 6.250e+07 2
477 6.787963 -12.998975 35.280477 21.242 -73.179 59.885 6.250e+07 2
478 7.654568 -14.884337 37.342033 -67.116 -37.100 118.956 6.250e+07 2
479 11.442939 -10.023324 35.970549 -203.750 166.687 -32.691 6.250e+07 2
480 7.563237 -22.867362 39.442688 91.663 -18.078 42.016 6.250e+07 2
481 9.661439 -17.419794 37.660584 184.263 35.556 -46.253 6.250e+07 2
482 9.670181 -14.184594 36.361552 23.972 77.031 58.517 6.250e+07 2
483 -1.443248 -21.675040 41.122041 6.259 -134.738 109.303 6.250e+07 2
484 15.380541 -27.680447 36.041281 36.499 77.737 36.078 6.250e+07 2
485 6.429882 -15.849186 37.016317 -132.597 -94.540 -41.520 6.250e+07 2
486 4.214689 -16.084229 35.003432 5.162 -110.564 102.166 6.250e+07 2
487 6.128144 -13.170201 36.149356 -111.673 -255.226 117.220 6.250e+07 2
488 8.492016 -14.612129 37.261525 98.756 -21.785 -51.616 6.250e+07 2
489 4.819425 -9.771971 36.657970 -68.676 -247.782 79.629 6.250e+07 2
490 8.316339 -12.696120 36.620277 -270.243 -16.376 -2.194 6.250e+07 2
491 9.654513 -16.676101 36.926865 -58.126 -45.368 -54.939 6.250e+07 2
492 5.736892 -16.341230 36.520826 161.786 52.266 -166.469 6.250e+07 2
493 21.810171 -9.838283 40.065349 -140.772 21.422 33.020 6.250e+07 2
494 4.260668 -11.460683 34.876693 -88.267 -147.190 135.903 6.250e+07 2
495 7.826766 -14.076420 37.181131 -142.014 -18.250 -61.657 6.250e+07 2
496 8.606766 -14.266423 36.681020 -113.330 24.602 -67.771 6.250e+07 2
497 4.597888 -15.575808 38.426358 4.897 -187.854 75.953 6.250e+07 2
498 5.870522 -13.892720 35.963754 -174.896 -263.372 26.047 6.250e+07 2
499 9.206280 -16.516835 37.790909 322.951 318.276 -47.104 6.250e+07 2
500 8.873945 -13.848517 36.217381 34.566 130.096 -102.851 6.250e+07 2
501 7.822240 -14.345854 37.149849 -9.895 14.255 68.269 6.250e+07 2
502 6.881124 -16.585482 36.975726 31.757 -211.859 163.589 6.250e+07 2
503 9.086960 -16.778563 39.245257 68.529 -104.194 21.420 6.250e+07 2
504 8.569924 -14.101238 37.724620 -47.567 141.848 -102.634 6.250e+07 2
505 8.774517 -16.463228 37.267649 115.812 211.203 -83.737 6.250e+07 2
506 -5.103654 -18.375488 37.596484 90.815 -69.563 18.363 6.250e+07 2
507 7.280207 -14.653492 37.142725 155.619 -144.898 61.144 6.250e+07 2
508 12.947104 -18.197747 36.326083 -89.862 234.677 86.685 6.250e+07 2
509 20.018262 -15.044954 37.202519 -76.318 114.390 35.293 6.250e+07 2
510 18.518389 -17.864259 38.792943 88.314 135.601 -5.692 6.250e+07 2
511 0.084130 -14.714853 38.411513 145.958 -179.716 8.462 6.250e+07 2
512 20.249276 -22.856717 35.746062 81.198 119.719 -20.594 6.250e+07 2
513 10.857406 -14.830269 38.798805 -215.822 57.099 -35.306 6.250e+07 2
514 19.925426 2.561073 30.651711 -126.464 -23.264 88.631 6.250e+07 2
515 9.007456 -6.917126 36.977180 -161.366 74.644 45.868 6.250e+07 2
516 17.820569 -10.091141 31.113299 -81.574 69.652 60.706 6.250e+07 2
517 8.427728 -14.577334 37.317485 -129.053 231.276 49.141 6.250e+07 2
518 10.631157 -18.629132 37.014261 27.264 204.513 -91.625 6.250e+07 2
519 12.691655 -16.988552 35.086307 77.205 94.621 19.144 6.250e+07 2
520 3.661009 -15.617835 36.052498 60.182 -125.996 53.355 6.250e+07 2
521 21.497570 -19.080781 36.976468 151.894 157.123 10.318 6.250e+07 2
522 7.858884 -10.288324 36.774625 -247.848 -66.608 53.774 6.250e+07 2
523 6.105084 -7.770655 38.072215 -234.631 -126.414 -19.293 6.250e+07 2
524 8.327810 -16.262238 36.931486 56.409 62.374 2.084 6.250e+07 2
525 8.363165 -14.139178 36.613972 -260.090 299.060 -24.271 6.250e+07 2
526 7.690276 -14.663730 36.217891 190.707 -97.494 -96.582 6.250e+07 2
527 4.794602 -4.811018 33.364117 -101.230 52.805 -12.055 6.250e+07 2
528 11.013752 -16.389103 35.760092 216.142 144.706 55.785 6.250e+07 2
529 8.049387 -13.053633 39.507043 -169.888 56.668 -48.408 6.250e+07 2
530 9.064759 -16.718794 37.569937 210.007 69.410 -3.176 6.250e+07 2
531 1.226197 -13.119317 34.831013 -16.077 -130.590 80.422 6.250e+07 2
532 1.531425 -19.932451 38.827290 115.532 -69.040 83.328 6.250e+07 2
533 23.084131 -18.285710 35.940593 101.528 125.551 -1.396 6.250e+07 2
534 4.937669 -9.884291 38.029070 -186.671 -67.399 7.024 6.250e+07 2
535 13.664912 -14.587296 35.297292 -41.252 41.843 71.608 6.250e+07 2
536 9.457216 -17.928359 37.192842 3.256 105.995 187.144 6.250e+07 2
537 159.378574 -771.551228 184.283768 74.007 -356.176 88.277 6.250e+07 2
538 7.024978 -16.526848 36.817224 172.022 18.735 30.399 6.250e+07 2
539 4.108901 -14.179478 37.368676 -105.720 -129.744 -8.061 6.250e+07 2
540 4.988780 -20.212788 36.942640 125.251 -128.786 35.043 6.250e+07 2
541 10.451537 -18.441153 34.951274 146.312 145.146 75.870 6.250e+07 2
542 6.094666 -14.627488 35.768739 -147.051 86.992 -43.215 6.250e+07 2
543 6.738855 -15.751642 37.486196 -99.456 -143.501 96.141 6.250e+07 2
544 6.070037 -15.294728 35.346933 -50.273 -120.473 12.929 6.250e+07 2
545 7.423945 -14.161721 38.206479 -245.975 -247.872 -121.514 6.250e+07 2
546 9.411910 -15.828597 38.435217 201.224 80.209 146.880 6.250e+07 2
547 9.900102 -8.131422 34.828409 -206.701 -5.719 30.741 6.250e+07 2
548 13.443547 -12.321986 38.311681 -135.186 96.522 -50.628 6.250e+07 2
549 9.832337 -4.133847 33.196924 -27.808 35.079 39.207 6.250e+07 2
550 8.456971 -13.400780 36.868985 -199.354 134.639 156.997 6.250e+07 2
551 7.117223 -13.941457 35.713112 -151.339 -199.192 154.761 6.250e+07 2
552 3.965088 -14.576333 46.134703 -0.751 -54.644 64.677 6.250e+07 2
553 6.801427 -17.185278 34.403335 -30.080 -51.609 -13.367 6.250e+07 2
554 5.174813 -19.041758 33.917472 -51.841 -172.756 -2.484 6.250e+07 2
555 9.377774 -14.817255 37.033348 -11.683 236.256 -36.631 6.250e+07 2
556 18.173948 -9.781144 34.975302 -57.704 156.838 50.767 6.250e+07 2
557 10.203672 -15.299077 32.441687 -0.670 23.747 45.736 6.250e+07 2
558 8.581956 -15.023307 37.193110 153.611 -224.135 122.330 6.250e+07 2
559 4.749804 -18.100065 36.218974 303.152 -149.100 127.669 6.250e+07 2
560 -11.494480 -4.107184 35.751273 120.559 -166.992 19.637 6.250e+07 2
561 7.496592 -12.657055 36.692966 -233.669 -102.806 -16.146 6.250e+07 2
562 8.201715 -14.805589 36.141740 56.976 8.463 -71.650 6.250e+07 2
563 6.940156 -13.709442 37.359662 62.177 -126.703 68.512 6.250e+07 2
564 6.753616 -17.932907 37.425726 192.452 29.489 188.869 6.250e+07 2
565 6.030473 -16.767502 36.629757 31.870 -132.876 62.914 6.250e+07 2
566 9.653530 -17.145293 37.453413 -8.123 49.784 73.914 6.250e+07 2
567 8.314590 -12.137295 36.823021 -129.578 -24.096 -79.060 6.250e+07 2
568 8.244391 -16.206655 36.615095 229.889 -20.580 91.816 6.250e+07 2
569 5.767717 -18.244613 37.275616 232.580 -143.372 -8.241 6.250e+07 2
570 9.666101 -14.442456 37.105572 -10.666 118.095 61.318 6.250e+07 2
571 9.041227 -15.775924 36.853976 39.457 107.153 8.846 6.250e+07 2
572 12.902404 -19.682477 38.740822 16.976 59.731 -80.765 6.250e+07 2
573 -254.655340 -120.202255 29.412032 -134.575 -54.235 34.412 6.250e+07 2
574 8.526545 -14.202815 38.766329 -22.503 159.030 -37.344 6.250e+07 2
575 1.337722 -12.850797 36.658953 -170.153 -160.315 -65.878 6.250e+07 2
576 6.793009 -14.167164 37.474450 69.464 -152.934 -130.089 6.250e+07 2
577 15.514229 -18.713115 34.820243 -3.763 101.083 35.503 6.250e+07 2
578 8.229260 -20.088999 36.973552 212.685 -145.236 85.861 6.250e+07 2
579 4.008621 -13.866173 36.485035 -98.381 -271.631 184.379 6.250e+07 2
580 5.794913 -16.072025 37.186545 49.046 -168.328 69.596 6.250e+07 2
581 8.310168 -14.854962 36.482341 166.850 -125.637 37.291 6.250e+07 2
582 10.795408 -16.056580 36.252298 130.496 293.941 -98.750 6.250e+07 2
583 7.838899 -16.079130 36.733324 227.223 -44.315 17.666 6.250e+07 2
584 2.375769 -17.498770 36.068530 6.841 -267.502 20.338 6.250e+07 2
585 5.138536 -12.366856 39.024684 -169.510 -151.277 8.254 6.250e+07 2
586 7.822886 -15.906713 38.096971 -183.514 -155.623 161.958 6.250e+07 2
587 18.183285 -20.620238 36.197209 188.885 96.401 71.074 6.250e+07 2
588 7.297945 -15.275600 35.473382 -73.860 -46.635 -113.774 6.250e+07 2
589 8.469718 -17.751929 37.396274 65.035 -39.026 120.314 6.250e+07 2
590 7.830593 -15.007510 37.071709 77.386 39.750 -222.820 6.250e+07 2
591 6.852545 -16.507906 35.318002 162.918 -13.122 -80.496 6.250e+07 2
592 7.755106 -14.536136 36.437562 -128.534 -256.788 -70.039 6.250e+07 2
593 7.416177 -15.717465 36.065999 -140.447 50.670 -32.567 6.250e+07 2
594 7.353325 -15.540316 35.710524 -187.683 189.302 24.799 6.250e+07 2
595 2.587055 -15.943873 34.337881 178.004 -60.726 -41.585 6.250e+07 2
596 7.700655 -13.342696 35.747415 -86.131 -41.393 42.184 6.250e+07 2
597 5.801303 -17.927929 37.439985 229.526 -141.235 56.335 6.250e+07 2
598 7.682920 -15.683211 36.319074 57.402 -68.643 -103.181 6.250e+07 2
599 10.307753 -13.405695 35.913217 -191.514 207.077 -25.501 6.250e+07 2
600 10.388689 -13.328321 35.348395 -76.200 28.177 -7.793 6.250e+07 2
601 8.731478 -16.332412 37.969498 -59.014 -8.391 127.023 6.250e+07 2
602 7.465617 -17.370276 37.010527 117.891 106.987 -27.049 6.250e+07 2
603 3.755097 -14.973033 36.511139 -30.703 -170.543 123.815 6.250e+07 2
604 10.064802 -20.101169 36.385794 126.501 -47.638 36.296 6.250e+07 2
605 1.326658 -16.631765 38.796685 209.870 1.687 -12.413 6.250e+07 2
606 14.735626 -13.953860 36.445559 165.203 103.246 -72.397 6.250e+07 2
607 -619.439458 308.419330 28.815881 -273.368 134.324 16.075 6.250e+07 2
608 7.510640 -20.817527 38.732183 80.906 74.275 -14.047 6.250e+07 2
609 9.251457 -17.746562 37.910898 227.961 -73.424 25.207 6.250e+07 2
610 5.063069 -23.319974 36.608092 176.222 -24.985 0.628 6.250e+07 2
611 7.284205 -14.491699 36.192830 86.404 -210.445 -72.179 6.250e+07 2
612 8.764196 -12.753706 37.271963 -95.380 71.908 61.634 6.250e+07 2
613 7.149307 -16.749086 35.572049 70.724 -80.653 21.882 6.250e+07 2
614 7.423373 -12.799776 37.033021 -198.517 81.658 101.616 6.250e+07 2
615 2.272874 -9.118845 37.127223 -103.004 -100.260 46.488 6.250e+07 2
616 8.217538 -3.614341 34.485105 -103.060 -35.734 4.257 6.250e+07 2
617 11.636083 -22.544653 37.119896 156.425 119.060 -52.574 6.250e+07 2
618 5.449507 -15.980904 37.628125 -16.159 -193.571 123.634 6.250e+07 2
619 6.613379 -18.641878 37.409273 188.141 80.384 42.636 6.250e+07 2
620 8.691593 -8.140819 36.348508 -205.193 -13.158 49.979 6.250e+07 2
621 9.742942 -15.829228 36.945578 -22.980 240.602 -182.657 6.250e+07 2
622 14.227074 -16.896776 37.850034 170.843 259.970 26.578 6.250e+07 2
623 11.341564 -16.455765 32.526562 184.421 47.666 -127.782 6.250e+07 2
624 7.370069 -15.977552 38.938968 241.317 82.067 -7.543 6.250e+07 2
625 6.731877 -15.541081 36.281118 -27.867 -80.117 64.109 6.250e+07 2
626 1.070671 -18.589945 39.940290 89.623 -51.532 -19.277 6.250e+07 2
627 3.565074 -16.154457 35.486969 48.057 -127.097 152.625 6.250e+07 2
628 7.914112 -14.003296 37.412349 -112.827 -72.911 -29.180 6.250e+07 2
629 8.302717 -14.299781 36.171174 -60.922 118.473 74.290 6.250e+07 2
630 6.730247 -7.218846 37.222485 -291.983 140.785 -16.194 6.250e+07 2
631 8.724252 -15.827031 37.483979 78.414 151.430 244.004 6.250e+07 2
632 8.078851 -15.552431 36.794566 133.007 -45.964 66.202 6.250e+07 2
633 6.898462 -15.176197 36.258411 -152.133 134.325 179.380 6.250e+07 2
634 11.088329 -16.260972 36.667556 1.972 -14.025 -67.688 6.250e+07 2
635 8.795314 -16.045496 37.358818 226.452 -89.018 -53.272 6.250e+07 2
636 8.048685 -16.958858 35.607787 91.277 195.548 -72.251 6.250e+07 2
637 4.483614 -13.246716 36.244605 -103.034 46.431 6.868 6.250e+07 2
638 12.260545 -13.002655 36.924646 -141.619 134.400 29.198 6.250e+07 2
639 7.949661 -20.379104 36.627661 155.012 -41.404 221.843 6.250e+07 2
640 5.745284 -15.236284 38.893465 -66.865 -29.375 -99.564 6.250e+07 2
641 5.015227 -20.214955 38.867833 132.006 -112.906 -24.185 6.250e+07 2
642 2.160516 -9.668198 39.204934 -76.230 -162.198 -24.098 6.250e+07 2
643 3.893660 -16.171296 37.520190 107.369 6.596 105.799 6.250e+07 2
644 8.867682 -14.930287 35.484620 -51.360 86.087 -79.961 6.250e+07 2
645 9.924165 -16.983228 39.500105 48.460 -14.256 112.587 6.250e+07 2
646 7.738905 -14.066586 36.392858 -186.393 -79.969 129.610 6.250e+07 2
647 7.005525 -13.319026 35.413296 -161.280 -194.113 18.138 6.250e+07 2
648 15.011966 -4.999494 34.509969 -18.831 145.779 -17.563 6.250e+07 2
649 6.217589 -15.725568 37.073258 -16.472 -251.458 146.776 6.250e+07 2
650 7.214612 -17.231724 37.695737 284.784 -197.893 92.971 6.250e+07 2
651 0.554343 -18.594783 35.038939 142.067 57.037 108.914 6.250e+07 2
652 15.374334 -18.651540 37.037356 168.517 68.823 139.693 6.250e+07 2
653 7.891587 -17.102957 35.889085 58.696 -150.278 163.533 6.250e+07 2
654 7.133498 -15.834427 37.768984 94.996 -57.386 149.095 6.250e+07 2
655 8.800948 -15.075115 37.345042 -15.989 132.652 94.394 6.250e+07 2
656 7.871151 -25.574443 37.957940 166.644 -135.471 -37.321 6.250e+07 2
657 11.316875 -13.643267 38.080474 -82.351 65.716 90.592 6.250e+07 2
658 -1499.283935 -82.190689 89.173018 -777.339 -42.974 47.168 6.250e+07 2
659 9.169440 -14.259035 35.510805 -118.908 190.894 27.067 6.250e+07 2
660 9.630950 -15.124428 35.578563 84.831 107.113 6.137 6.250e+07 2
661 9.934165 -12.316556 38.627844 -105.786 124.364 -94.846 6.250e+07 2
662 5.893832 -16.128988 40.476373 75.675 -160.222 88.414 6.250e+07 2
663 8.729065 -14.987356 37.399611 -30.710 -112.264 301.742 6.250e+07 2
664 7.912813 -15.063074 37.259506 -134.704 -41.112 -31.109 6.250e+07 2
665 1.682817 -11.272830 38.341503 314.222 -195.609 -79.165 6.250e+07 2
666 660.342356 -678.354035 -94.562883 319.637 -328.706 -43.536 6.250e+07 2
667 171.293056 49.077220 59.606693 -66.657 -38.096 9.535 6.250e+07 2
668 14.947069 -12.056020 38.459239 -55.115 222.738 -2.367 6.250e+07 2
669 4.958360 -20.232415 37.784405 275.528 22.139 130.919 6.250e+07 2
670 7.506165 -24.161872 40.127478 188.661 -13.416 70.295 6.250e+07 2
671 9.519690 -16.946219 37.302300 96.109 -22.619 128.391 6.250e+07 2
672 -1.456861 -10.129190 36.655227 -180.006 -113.743 -56.981 6.250e+07 2
673 8.164728 -15.109025 37.549594 -104.249 -53.586 6.052 6.250e+07 2
674 8.300293 -14.823361 37.642700 -39.585 277.815 -15.186 6.250e+07 2
675 8.022436 -15.857004 34.516557 -84.499 -200.344 -1.419 6.250e+07 2
676 10.289454 -11.904847 38.398235 -33.087 95.589 79.424 6.250e+07 2
677 8.635610 -14.673902 36.396755 -310.589 -109.855 -163.961 6.250e+07 2
678 2.550781 -17.394425 35.748365 -150.457 -60.109 -110.339 6.250e+07 2
679 7.523297 -16.655542 37.422683 17.597 -230.194 173.819 6.250e+07 2
680 15.895376 -26.212497 39.084173 49.811 114.798 -49.720 6.250e+07 2
681 7.979226 -13.311246 38.477744 -29.670 -1.585 -64.682 6.250e+07 2
682 576.608533 -2460.002529 -100.254403 307.884 -1313.602 -53.285 6.250e+07 2
683 19.934209 -27.109979 31.038669 29.022 92.510 73.005 6.250e+07 2
684 4.714956 -12.036559 38.068055 64.313 -127.855 -1.979 6.250e+07 2
685 8.533034 -16.502382 37.105864 -54.705 78.685 -32.835 6.250e+07 2
686 13.906953 -12.488581 34.669367 -7.970 195.658 -26.733 6.250e+07 2
687 8.755284 -19.430406 36.491324 26.624 214.385 77.640 6.250e+07 2
688 3.294342 -11.089473 35.679095 -154.197 -105.349 40.907 6.250e+07 2
689 -13.354646 -27.523152 33.841400 55.119 -67.523 36.264 6.250e+07 2
690 11.717495 -18.056065 37.692231 2.986 68.941 -61.478 6.250e+07 2
691 9.248862 -20.403266 37.286279 60.789 -44.467 86.185 6.250e+07 2
692 7.578972 -15.221278 37.226937 169.749 -26.570 -35.983 6.250e+07 2
693 7.990120 -23.884592 33.755139 72.572 -120.275 7.538 6.250e+07 2
694 2.246091 -16.363903 34.718320 -32.082 -141.719 -75.806 6.250e+07 2
695 10.130059 -11.902302 40.851575 -101.378 73.678 -29.929 6.250e+07 2
696 13.526404 -13.599734 39.499866 169.057 157.568 125.485 6.250e+07 2
697 7.868920 -15.064897 36.557647 31.141 32.818 96.287 6.250e+07 2
698 8.161900 -14.611380 36.516245 -250.531 151.716 205.425 6.250e+07 2
699 7.602043 -16.032468 35.565131 -38.971 -121.900 76.314 6.250e+07 2
700 5.336445 -14.279492 36.520778 -90.927 -167.764 -81.227 6.250e+07 2
701 5.476726 -12.267510 33.673564 -149.657 -44.886 -50.156 6.250e+07 2
702 6.276776 -16.490880 38.041032 147.976 -98.136 129.130 6.250e+07 2
703 9.799146 -15.311366 37.006081 -14.471 182.327 176.447 6.250e+07 2
704 9.594584 -16.200275 36.206685 -8.133 86.429 62.882 6.250e+07 2
705 6.725013 -14.647219 36.747746 87.807 -118.654 -68.841 6.250e+07 2
706 5.473248 -14.338405 35.695311 26.920 -46.815 -81.458 6.250e+07 2
707 -5.123557 -15.157602 38.421181 43.529 -182.424 48.401 6.250e+07 2
708 7.040970 -15.434376 35.777032 -7.802 -182.964 136.972 6.250e+07 2
709 7.954952 -15.649081 37.009367 57.948 58.027 68.592 6.250e+07 2
710 8.427787 -14.656381 37.587006 -284.025 -68.076 221.813 6.250e+07 2
711 6.916753 -15.353692 36.896281 -117.817 -111.191 73.574 6.250e+07 2
712 10.852850 -27.949591 7.503912 8.948 -18.442 -51.764 6.250e+07 2
713 7.976684 -15.476613 36.731776 116.345 124.542 101.912 6.250e+07 2
714 7.748817 -23.519805 37.092595 98.728 -72.802 -18.582 6.250e+07 2
715 4.732443 -16.945275 33.498114 -11.334 -43.068 -19.896 6.250e+07 2
716 11.834147 -7.437277 36.551766 -177.138 -4.938 65.498 6.250e+07 2
717 9.957407 -14.070559 37.481508 56.820 203.717 -31.952 6.250e+07 2
718 11.607435 -9.549701 35.436229 -98.412 102.469 -65.739 6.250e+07 2
719 5.343698 -14.380427 36.024169 -297.396 -212.461 -34.856 6.250e+07 2
720 7.221754 -18.391731 38.381942 207.825 54.284 -5.063 6.250e+07 2
721 4.038217 -39.054932 37.617617 106.060 -114.202 7.336 6.250e+07 2
722 5.640226 -14.656699 35.221683 181.380 -50.494 29.883 6.250e+07 2
723 8.337629 -15.625132 35.780924 197.173 140.003 129.636 6.250e+07 2
724 12.100525 -13.823296 39.669912 -58.636 163.438 -25.633 6.250e+07 2
725 12.807373 -16.672333 36.521902 56.029 88.789 -27.356 6.250e+07 2
726 5.921222 -17.526196 36.747130 251.688 -221.555 93.472 6.250e+07 2
727 16.165413 -17.605463 34.397386 69.227 -6.846 67.387 6.250e+07 2
728 6.385737 -17.538082 37.373783 135.865 -71.495 198.703 6.250e+07 2
729 5.086233 -13.044800 35.110136 100.382 -117.769 20.049 6.250e+07 2
730 8.758990 -14.297278 37.881466 -4.760 220.693 105.173 6.250e+07 2
731 7.694688 -14.535436 38.007005 0.736 88.161 60.076 6.250e+07 2
732 8.706393 -14.537790 38.138276 -1.654 -153.834 -36.967 6.250e+07 2
733 2.092722 -8.524030 37.042503 -163.770 -154.296 -2.522 6.250e+07 2
734 3.835144 -16.230762 36.691365 32.942 -227.124 82.609 6.250e+07 2
735 4.983888 -14.884861 37.366723 19.877 -172.475 -62.538 6.250e+07 2
736 8.851096 -15.128010 36.850521 -52.890 200.534 74.898 6.250e+07 2
737 10.029976 -12.803035 35.287422 -167.791 13.059 -33.288 6.250e+07 2
738 5.877290 -16.272892 38.317191 218.606 11.162 -286.871 6.250e+07 2
739 6.756738 -13.499534 37.275010 158.981 21.365 -19.481 6.250e+07 2
740 6.567436 -14.181933 36.268018 107.258 41.161 119.415 6.250e+07 2
741 10.574067 -14.559160 37.589994 44.947 117.950 -68.663 6.250e+07 2
742 7.540951 -18.915710 34.120122 183.528 -106.720 -105.472 6.250e+07 2
743 7.802390 -16.782645 37.273947 18.292 -131.550 31.247 6.250e+07 2
744 -254.227243 -120.722530 30.056698 -146.128 -42.442 4.335 6.250e+07 2
745 15.211254 -21.404190 37.010411 229.302 -149.784 51.508 6.250e+07 2
746 9.314775 -15.416858 39.306555 -63.270 79.020 -106.473 6.250e+07 2
747 7.991181 -15.518703 36.832356 248.311 -39.936 87.481 6.250e+07 2
748 8.888059 -15.241895 36.645196 4.610 -0.097 -83.757 6.250e+07 2
749 15.658739 -6.427112 38.010123 -155.105 -38.582 -14.516 6.250e+07 2
750 6.136614 -14.966605 36.811138 -125.311 -277.054 -129.976 6.250e+07 2
751 2.290746 -5.973591 36.276488 -30.003 -233.805 69.408 6.250e+07 2
752 6.128169 -14.635904 36.108493 -77.621 -57.130 236.563 6.250e+07 2
753 6.798795 -11.923454 34.556700 -169.483 191.643 23.269 6.250e+07 2
754 8.574196 -14.758061 36.427528 -1.543 117.616 -84.956 6.250e+07 2
755 8.645155 -15.508496 37.185909 -181.955 156.174 162.628 6.250e+07 2
756 8.296962 -14.489281 35.670469 -82.368 -70.843 206.253 6.250e+07 2
757 6.588630 -13.276993 38.765870 -160.985 -103.965 120.090 6.250e+07 2
758 15.867866 -19.318563 35.855131 37.984 80.932 32.883 6.250e+07 2
759 7.115061 -14.147500 35.541990 -113.932 -230.599 -8.871 6.250e+07 2
760 6.482081 -10.499249 37.075471 -95.211 -137.949 55.128 6.250e+07 2
761 8.946892 -14.705543 36.372904 -184.770 98.879 -0.396 6.250e+07 2
762 7.973983 -14.988997 36.644279 -146.307 -43.795 195.845 6.250e+07 2
763 7.798317 -13.697326 37.566010 -101.385 7.451 101.631 6.250e+07 2
764 7.428076 -14.019324 36.955647 86.428 -83.431 -43.493 6.250e+07 2
765 19.525998 -18.669173 38.294555 27.128 165.892 -12.808 6.250e+07 2
766 10.909591 -20.295214 35.505944 184.469 39.144 26.454 6.250e+07 2
767 7.707243 -18.285566 37.354796 292.993 93.875 0.786 6.250e+07 2
768 7.859041 -16.072356 36.764167 147.783 -21.119 83.108 6.250e+07 2
769 104.376626 1656.953722 -166.183862 54.173 867.402 -86.657 6.250e+07 2
770 8.680681 -18.852596 36.341170 350.054 -1.240 -0.354 6.250e+07 2
771 7.052449 -13.866691 37.973866 -31.113 -150.183 -236.121 6.250e+07 2
772 4.492630 -13.560664 36.995314 -215.430 -256.239 -39.816 6.250e+07 2
773 15.513187 -20.118660 33.067603 -107.762 55.246 89.567 6.250e+07 2
774 9.610746 -11.845252 37.353062 -187.972 -44.774 108.133 6.250e+07 2
775 8.482775 -14.048124 37.408244 -171.390 214.294 -39.221 6.250e+07 2
776 8.349437 -15.802189 36.939943 7.284 -77.926 -44.401 6.250e+07 2
777 14.131848 -19.561393 36.563820 164.158 -22.580 -33.041 6.250e+07 2
778 12.667674 -14.419583 37.463904 -55.854 26.767 -37.903 6.250e+07 2
779 8.299391 -15.561347 37.114073 278.516 -25.428 -8.124 6.250e+07 2
780 8.300850 -16.284521 37.016959 67.514 253.420 -64.719 6.250e+07 2
781 9.098035 -10.170112 38.159127 -240.746 64.752 84.444 6.250e+07 2
782 1.719733 -13.677738 34.591094 65.838 -70.760 63.865 6.250e+07 2
783 5.435385 -16.123124 37.485426 -201.188 -302.251 -27.347 6.250e+07 2
784 7.010061 -19.182878 35.340122 -35.144 -38.740 152.515 6.250e+07 2
785 13.832865 -20.371835 36.764541 246.336 -144.881 27.012 6.250e+07 2
786 6.265191 -17.328840 36.927450 193.642 -20.272 38.031 6.250e+07 2
787 7.332541 -15.581951 36.862162 2.322 81.119 -143.725 6.250e+07 2
788 10.453788 -16.144050 36.412827 52.280 -9.067 -62.441 6.250e+07 2
789 15.039529 -11.450921 32.632767 -30.917 175.955 1.326 6.250e+07 2
790 7.480344 -14.864184 38.181005 -53.465 243.550 95.326 6.250e+07 2
791 9.860786 -2.387051 33.864295 -44.823 109.410 67.011 6.250e+07 2
792 8.991597 -19.672215 35.831014 118.786 -185.100 102.627 6.250e+07 2
793 17.538031 -10.769280 31.389151 -95.873 10.406 3.774 6.250e+07 2
794 15.986657 -6.272810 35.977834 -48.351 61.877 2.057 6.250e+07 2
795 8.042022 -19.350296 37.983422 223.889 40.402 193.295 6.250e+07 2
796 8.153912 -14.230766 37.260205 -290.689 148.927 -23.858 6.250e+07 2
797 12.387500 -10.892112 38.555494 -26.502 80.976 2.797 6.250e+07 2
798 1.475416 -16.431375 34.784183 63.970 -165.150 138.034 6.250e+07 2
799 7.701414 -16.018012 36.228999 121.881 -49.162 75.697 6.250e+07 2
800 2.548710 -20.131175 34.868070 -26.714 -235.811 -1.622 6.250e+07 2
801 8.929355 -13.779142 36.457152 -38.522 -84.099 74.104 6.250e+07 2
802 7.033605 -12.950324 37.990979 61.909 -11.493 -129.003 6.250e+07 2
803 8.943226 -9.735701 39.301064 5.956 72.962 139.670 6.250e+07 2
804 7.820304 -14.884540 36.900396 -25.630 181.940 -31.423 6.250e+07 2
805 7.023164 -16.036393 36.886019 245.681 51.520 -0.265 6.250e+07 2
806 5.609666 -12.584676 35.228911 13.464 168.857 52.196 6.250e+07 2
807 5.116761 -14.123866 34.424961 34.040 -178.611 -76.822 6.250e+07 2
808 21.180125 -17.506127 36.866661 7.839 93.236 45.725 6.250e+07 2
809 7.204898 -13.662838 37.136321 -111.312 -96.436 -6.434 6.250e+07 2
810 9.826855 -15.886408 37.852379 256.705 61.099 263.870 6.250e+07 2
811 10.060423 -12.253218 34.153194 71.518 118.474 -7.830 6.250e+07 2
812 4.777224 -14.268663 36.870956 13.010 -194.654 8.538 6.250e+07 2
813 8.206232 -16.321131 35.503542 21.159 148.629 -14.740 6.250e+07 2
814 5.340409 -15.620475 36.699126 -259.098 -43.458 -176.524 6.250e+07 2
815 7.219635 -19.311651 35.074040 104.916 -240.165 48.570 6.250e+07 2
816 8.247128 -15.023926 35.729029 -3.890 105.387 -166.425 6.250e+07 2
817 13.868918 -14.041541 36.107988 9.057 39.034 63.386 6.250e+07 2
818 2.243820 -13.150142 34.248420 -90.879 -175.998 11.644 6.250e+07 2
819 7.647606 -13.685872 36.528194 -30.682 -149.213 116.203 6.250e+07 2
820 14.092555 -16.892877 38.005561 -76.299 218.576 3.834 6.250e+07 2
821 2.725345 -8.874008 35.629382 -175.603 -118.232 85.546 6.250e+07 2
822 6.913591 -15.308726 36.316459 127.842 -23.580 177.744 6.250e+07 2
823 7.716704 -15.608864 35.250553 -44.459 -125.767 55.387 6.250e+07 2
824 7.759575 -14.658079 37.037951 -285.563 114.835 23.070 6.250e+07 2
825 -0.882926 -11.133254 35.208768 5.556 -71.639 45.307 6.250e+07 2
826 5.334378 -13.917685 36.649361 -229.692 -89.735 -42.695 6.250e+07 2
827 0.020066 -23.069288 32.750416 18.757 -67.593 8.565 6.250e+07 2
828 6.610009 -14.892373 37.411907 -172.957 35.505 -23.313 6.250e+07 2
829 2109.876473 -1459.664613 -144.824404 1127.232 -780.027 -77.238 6.250e+07 2
830 7.800674 -15.961853 33.220468 116.448 99.326 141.912 6.250e+07 2
831 7.554080 -15.899412 37.050977 152.111 80.035 63.499 6.250e+07 2
832 10.181519 -13.517153 35.652922 -100.481 38.770 66.574 6.250e+07 2
833 0.539472 -20.355275 36.272010 17.032 -223.899 14.983 6.250e+07 2
834 8.629982 -14.967739 36.082546 94.345 300.388 -86.460 6.250e+07 2
835 16.351217 -7.541726 36.882444 -39.500 113.130 58.092 6.250e+07 2
836 12.427805 -18.747822 36.669837 107.095 190.047 87.507 6.250e+07 2
837 5.054017 -11.894719 38.629788 -171.216 4.831 78.961 6.250e+07 2
838 10.676288 -20.983106 36.607255 -1.380 102.029 33.948 6.250e+07 2
839 8.177874 -12.943409 36.139165 -352.492 -35.894 36.323 6.250e+07 2
840 5.201315 -14.259910 35.889332 -131.730 -35.471 127.104 6.250e+07 2
841 7.247214 -16.772564 36.001519 21.188 42.570 -19.647 6.250e+07 2
842 8.049634 -16.121238 36.923201 104.375 169.925 262.147 6.250e+07 2
843 12.427122 -20.403454 36.324542 -19.947 186.356 49.039 6.250e+07 2
844 12.415927 -19.043819 36.054064 223.449 -0.231 132.637 6.250e+07 2
845 8.448687 -16.150450 36.716563 134.860 3.652 26.791 6.250e+07 2
846 4.907592 -11.925267 34.333301 -134.959 -161.823 -27.971 6.250e+07 2
847 8.587165 -19.239730 39.020392 144.985 -283.633 124.775 6.250e+07 2
848 27.621298 -14.075089 29.466320 25.057 48.613 2.915 6.250e+07 2
849 7.430851 -14.367028 36.371268 -210.371 -111.588 -26.642 6.250e+07 2
850 8.585907 -15.718945 37.966102 -21.518 -204.872 17.177 6.250e+07 2
851 9.365940 -15.311623 38.326631 -117.069 87.892 203.966 6.250e+07 2
852 4.501001 -17.743726 34.243813 77.608 -131.826 40.311 6.250e+07 2
853 6.160873 -12.917164 37.073763 -137.222 -321.341 92.113 6.250e+07 2
854 8.837828 -15.980764 37.490672 359.720 -21.791 239.923 6.250e+07 2
855 7.667904 -11.187004 36.554477 -135.702 40.415 78.298 6.250e+07 2
856 10.733520 -16.713820 36.376482 -13.161 26.307 65.358 6.250e+07 2
857 6.723647 -12.378831 38.171031 76.185 -144.731 5.866 6.250e+07 2
858 6.421870 -17.158338 36.104742 78.191 -239.855 -92.371 6.250e+07 2
859 8.289284 -17.294659 37.066092 218.304 55.843 36.648 6.250e+07 2
860 9.606560 -17.128621 33.477902 89.931 194.578 65.981 6.250e+07 2
861 6.382111 -16.621609 36.694367 5.069 -99.266 -216.203 6.250e+07 2
862 9.331040 -17.154598 36.793237 216.202 28.644 70.239 6.250e+07 2
863 8.498588 -15.428039 37.338124 121.089 89.225 53.453 6.250e+07 2
864 9.930483 -9.143658 36.049255 -118.008 137.825 -4.922 6.250e+07 2
865 11.631738 -13.454713 36.756626 -27.857 92.854 68.150 6.250e+07 2
866 -10.455043 -15.310620 32.825057 -10.636 -29.902 -4.963 6.250e+07 2
867 8.533953 -16.219843 37.743158 122.660 -100.086 -48.311 6.250e+07 2
868 10.426967 -16.713393 37.142844 -35.952 144.314 139.451 6.250e+07 2
869 39.792306 -16.991101 32.108134 -32.809 -9.109 27.375 6.250e+07 2
870 9.096517 -15.130392 36.875404 -157.866 171.296 -105.043 6.250e+07 2
871 2.495414 -15.837840 38.051501 -34.371 -269.059 -78.628 6.250e+07 2
872 8.951859 -14.925037 36.885583 -46.151 93.041 -230.250 6.250e+07 2
873 9.648359 -15.496218 37.063824 -82.206 160.298 -41.239 6.250e+07 2
874 4.245742 -11.491737 36.464327 -36.811 25.026 29.479 6.250e+07 2
875 5.440129 -15.638374 37.510627 84.101 -151.034 -108.351 6.250e+07 2
876 19.402220 -30.175417 38.496565 31.546 124.383 30.895 6.250e+07 2
877 11.639885 -17.941332 38.135531 156.889 123.236 26.344 6.250e+07 2
878 9.544057 -15.033201 35.487404 -36.331 341.649 -9.204 6.250e+07 2
879 7.407376 -15.214022 35.410716 -162.509 -120.342 109.685 6.250e+07 2
880 9.735014 -14.328297 36.164640 -145.696 129.247 134.772 6.250e+07 2
881 8.050400 -15.337152 36.626088 -239.126 81.941 79.751 6.250e+07 2
882 8.687104 -22.094222 36.706479 232.565 41.086 -50.175 6.250e+07 2
883 7.995697 -14.787563 36.691489 -67.697 -112.824 -27.773 6.250e+07 2
884 14.612961 -11.149007 39.109990 -206.503 77.229 -7.745 6.250e+07 2
885 11.188129 -13.933336 36.983833 -170.169 124.915 -8.996 6.250e+07 2
886 7.623080 -15.155180 31.458146 45.553 18.201 58.808 6.250e+07 2
887 5.822745 -14.449255 36.217645 -82.093 -8.817 15.771 6.250e+07 2
888 8.530109 -15.126859 37.551679 -138.566 -58.414 204.641 6.250e+07 2
889 11.760993 -13.246394 36.198919 4.948 188.326 22.689 6.250e+07 2
890 12.601637 -8.916042 35.849882 -139.582 -11.683 36.570 6.250e+07 2
891 6.476352 -15.019563 37.377907 88.640 -289.403 -210.571 6.250e+07 2
892 10.393700 -13.581085 38.287719 47.874 102.469 146.657 6.250e+07 2
893 9.961366 -22.862154 36.707809 169.318 -18.480 -0.181 6.250e+07 2
894 8.214944 -13.820258 35.988875 -165.389 129.047 108.844 6.250e+07 2
895 6.259638 -22.430617 41.067153 165.811 35.515 -95.715 6.250e+07 2
896 7.058732 -11.391960 38.025567 -248.599 -143.688 66.914 6.250e+07 2
897 6.943992 -17.195792 35.692028 113.974 42.029 140.230 6.250e+07 2
898 -4.168608 -23.977561 36.925492 64.184 -137.782 -6.741 6.250e+07 2
899 3.908643 -0.952942 37.574539 -86.482 118.761 22.677 6.250e+07 2
900 6.730035 -14.722669 36.654145 -61.668 202.001 28.035 6.250e+07 2
901 7.131144 -16.110403 36.298091 112.888 6.515 -49.398 6.250e+07 2
902 7.910805 -15.088325 36.899976 61.431 -141.211 29.638 6.250e+07 2
903 13.336556 -15.556655 37.151101 -90.108 126.295 22.423 6.250e+07 2
904 8.634491 -14.840205 36.438616 -20.233 -178.959 -171.442 6.250e+07 2
905 8.973645 -16.239161 36.864825 -118.491 -185.545 -98.504 6.250e+07 2
906 7.320436 -13.991702 36.468631 29.921 -79.351 -87.994 6.250e+07 2
907 10.838789 -19.840080 37.778196 186.750 17.589 -13.007 6.250e+07 2
908 9.783181 -15.009259 38.922988 164.114 125.701 -33.348 6.250e+07 2
909 8.999557 -15.937901 37.498208 172.753 0.587 32.062 6.250e+07 2
910 9.966221 -16.765395 36.018994 158.424 19.087 -45.222 6.250e+07 2
911 4.954543 -12.611370 37.098464 -222.714 -184.868 44.645 6.250e+07 2
912 1011.761440 -467.682845 56.517227 504.614 -234.295 29.679 6.250e+07 2
913 5.055204 -15.568262 35.932873 103.829 -124.203 117.517 6.250e+07 2
914 16.074734 -9.847040 33.641883 71.743 242.699 -65.179 6.250e+07 2
915 1.061317 -12.409723 37.297594 110.727 -120.011 -2.409 6.250e+07 2
916 13.872959 -25.846547 35.889511 141.164 -90.693 23.643 6.250e+07 2
917 4.239032 -12.043605 34.663682 -170.228 -58.051 36.069 6.250e+07 2
918 7.018253 -16.084298 35.887800 191.649 -216.480 -65.445 6.250e+07 2
919 -361.573281 162.590505 2.062416 -101.815 42.134 9.738 6.250e+07 2
920 4.492438 -22.114546 40.071712 157.973 -47.877 -51.080 6.250e+07 2
921 7.181094 -14.763459 37.030671 74.327 -237.218 55.366 6.250e+07 2
922 11.771914 -16.987915 37.398567 69.888 186.925 108.627 6.250e+07 2
923 5.679204 -16.833080 38.070336 148.792 -13.422 127.307 6.250e+07 2
924 12.887106 -18.095217 35.546932 197.882 40.828 92.029 6.250e+07 2
925 2.249447 -16.560917 35.018959 102.939 -77.474 -17.923 6.250e+07 2
926 9.137126 -15.363868 36.667128 106.917 53.871 -89.086 6.250e+07 2
927 6.982397 -15.921322 37.292080 -14.653 -62.636 47.886 6.250e+07 2
928 8.502811 -15.630418 36.676768 -120.858 111.447 95.782 6.250e+07 2
929 7.457218 -16.968820 37.854062 70.900 -88.227 -12.906 6.250e+07 2
930 8.888608 -16.295634 36.640590 228.945 -101.527 46.015 6.250e+07 2
931 6.846946 -13.071255 37.825223 -51.926 -117.798 -75.451 6.250e+07 2
932 5.599418 -22.032985 36.531149 226.580 -123.823 -38.950 6.250e+07 2
933 7.339760 -16.627527 37.270612 -64.615 -21.970 -35.802 6.250e+07 2
934 7.781280 -14.377689 35.976409 -25.420 -50.868 108.797 6.250e+07 2
935 8.520078 -14.787074 37.156632 -367.513 167.466 157.905 6.250e+07 2
936 12.207304 -10.602666 34.998121 -44.172 205.476 15.437 6.250e+07 2
937 11.865769 -8.902461 39.345386 -102.480 105.851 43.490 6.250e+07 2
938 -254.723419 -120.097089 29.486388 -122.662 -60.177 -5.496 6.250e+07 2
939 6.713838 -21.573523 35.854268 113.271 -140.435 -47.015 6.250e+07 2
940 10.178438 -17.112167 35.797736 269.717 27.875 74.000 6.250e+07 2
941 6.876234 -16.670640 36.797886 230.431 -148.499 -145.407 6.250e+07 2
942 8.725487 -16.136961 36.913222 255.205 127.631 -94.467 6.250e+07 2
943 9.573420 -14.928935 37.205335 -3.862 264.610 58.008 6.250e+07 2
944 1.476819 -16.583398 36.263508 63.313 -92.782 19.483 6.250e+07 2
945 6.906404 -15.659571 38.053380 100.728 -143.417 223.893 6.250e+07 2
946 8.844693 -14.642548 37.329010 8.787 136.507 151.714 6.250e+07 2
947 7.670817 -17.221035 36.952559 -39.575 -179.975 70.875 6.250e+07 2
948 13.901600 -14.620728 39.994526 -102.382 80.812 -61.634 6.250e+07 2
949 12.337806 -15.096497 36.933790 -30.847 154.221 -9.234 6.250e+07 2
950 9.862725 -15.668960 38.642536 141.326 -2.029 -35.709 6.250e+07 2
951 15.756679 -20.168623 36.905178 176.807 73.425 -1.848 6.250e+07 2
952 12.127965 -19.117356 35.902486 -70.037 116.801 31.960 6.250e+07 2
953 6.512497 -13.624157 38.518351 56.930 -184.253 71.678 6.250e+07 2
954 3.006805 -15.047250 36.245601 -283.191 -7.400 -119.338 6.250e+07 2
955 1.096400 -2.199510 32.943210 -125.198 20.649 -0.080 6.250e+07 2
956 6.968576 -15.243362 37.285451 83.859 -15.082 243.676 6.250e+07 2
957 8.800012 -15.264284 37.233590 12.979 11.387 181.943 6.250e+07 2
958 12.852743 -13.671960 38.133314 -66.495 173.560 131.712 6.250e+07 2
959 6.318392 -13.909432 37.414457 -17.683 -217.512 -135.750 6.250e+07 2
960 7.804381 -18.307568 37.190639 136.325 122.919 93.110 6.250e+07 2
961 7.474029 -15.012059 36.684329 -194.310 -17.334 96.171 6.250e+07 2
962 4.596217 -2.952829 31.051203 -89.515 -103.538 103.139 6.250e+07 2
963 6.725064 -24.155018 38.216017 63.476 119.627 -2.337 6.250e+07 2
964 8.427197 -15.138956 37.649070 -103.447 -87.600 10.032 6.250e+07 2
965 9.388460 -14.208930 36.828510 -52.623 51.125 184.233 6.250e+07 2
966 13.885444 -4.823608 35.408823 -142.456 214.224 -39.013 6.250e+07 2
967 2.511636 -18.643449 34.878088 2.249 -135.353 -46.536 6.250e+07 2
968 8.118337 -20.392888 36.917160 180.630 125.249 -24.495 6.250e+07 2
969 4.502217 -22.383941 39.820739 14.948 -108.825 -4.712 6.250e+07 2
970 13.754403 -4.916620 31.486131 -84.799 16.945 11.350 6.250e+07 2
971 21.198216 -30.269371 33.524106 112.099 -41.263 28.300 6.250e+07 2
972 7.872280 -14.965381 36.581957 -300.814 48.414 -11.691 6.250e+07 2
973 8.054842 -15.405184 36.781235 -112.073 -70.612 107.635 6.250e+07 2
974 -643.311847 -300.916674 32.236589 -284.799 -134.564 18.017 6.250e+07 2
975 -5.276971 0.147411 44.764538 -45.098 -19.864 -15.775 6.250e+07 2
976 8.003175 -15.907219 37.223806 289.502 230.902 40.353 6.250e+07 2
977 2.895374 -16.009626 37.265408 -167.165 -162.611 78.495 6.250e+07 2
978 7.901138 -14.082877 36.122502 37.921 -199.968 83.494 6.250e+07 2
979 7.941764 -14.063501 38.172354 -150.887 -214.898 14.752 6.250e+07 2
980 -536.593985 860.145332 82.729367 -264.442 423.190 42.404 6.250e+07 2
981 25.095155 -6.139605 38.080633 -24.640 55.252 8.078 6.250e+07 2
982 2.840635 -19.364876 36.471009 112.763 -179.611 45.093 6.250e+07 2
983 7.185468 -11.168568 36.103654 -205.077 -131.258 22.929 6.250e+07 2
984 6.784951 -14.480842 35.485588 68.618 -329.982 22.844 6.250e+07 2
985 7.734927 -15.118883 37.670796 -75.271 3.791 -156.380 6.250e+07 2
986 9.280712 -14.788892 37.412823 -11.356 157.527 -97.314 6.250e+07 2
987 6.569468 -16.108555 37.294909 -258.139 93.626 86.327 6.250e+07 2
988 7.737138 -17.627094 36.038551 213.983 167.325 -34.186 6.250e+07 2
989 3.421856 -19.521604 35.019591 123.976 -66.815 88.166 6.250e+07 2
990 9.376343 -16.263590 38.202969 -24.815 107.333 98.283 6.250e+07 2
991 7.881500 -15.128862 36.716220 301.583 -77.501 -2.384 6.250e+07 2
992 6.076794 -13.316664 35.853656 -45.882 -67.087 94.530 6.250e+07 2
993 3.472201 -18.319270 37.560626 289.809 -141.714 51.747 6.250e+07 2
994 5.141930 -17.768329 37.713016 86.192 -146.073 77.978 6.250e+07 2
995 8.295928 -12.752226 37.088898 -193.401 -32.029 119.451 6.250e+07 2
996 6.769382 -14.235750 37.915518 -80.786 -22.928 31.875 6.250e+07 2
997 4.519837 -11.434838 35.103792 -64.601 -61.850 -8.253 6.250e+07 2
998 16.243850 -18.023038 36.871740 -12.347 67.100 87.168 6.250e+07 2
999 7.808673 -15.854449 37.356768 -5.909 60.521 370.523 6.250e+07 2
