# MOND N-body snapshot at t = 0.001 Gyr
# id x(kpc) y(kpc) z(kpc) vx(km/s) vy(km/s) vz(km/s) mass(M_sun) type
0 1.653898 2.288697 2.002814 -38.973 -52.892 76.011 5.000e+07 1
1 -3.458536 0.251447 0.571015 46.957 -3.596 93.621 5.000e+07 1
2 -2.262793 -1.019042 1.046934 38.414 19.809 100.949 5.000e+07 1
3 7.973962 -5.245707 10.781730 -36.895 24.285 36.559 5.000e+07 1
4 -0.296003 0.492337 0.228847 37.620 -50.757 106.855 5.000e+07 1
5 3.746556 -12.034712 -1.449599 1.241 -3.578 52.907 5.000e+07 1
6 -3.152548 0.728192 -0.670428 -18.602 4.727 90.126 5.000e+07 1
7 -2.000048 1.114327 1.189301 61.657 -32.852 71.105 5.000e+07 1
8 -36.982391 3.079413 14.692442 15.868 -1.320 28.284 5.000e+07 1
9 4.670105 -51.958043 -2.608284 -0.506 5.665 31.361 5.000e+07 1
10 0.232408 0.118108 0.049695 -13.387 -0.215 144.597 5.000e+07 1
11 -0.181093 3.484890 -0.129238 0.153 -36.209 97.361 5.000e+07 1
12 0.307242 -1.139902 0.419719 -24.711 92.533 70.660 5.000e+07 1
13 -1.508749 0.709678 -2.024918 -81.829 38.913 79.855 5.000e+07 1
14 2.397721 0.860673 -1.139222 27.676 10.388 112.383 5.000e+07 1
15 -0.448110 0.833067 0.818323 47.939 -86.932 52.214 5.000e+07 1
16 -0.246560 -0.553731 0.957571 49.224 116.180 31.172 5.000e+07 1
17 1.666674 0.559371 1.197710 -64.186 -22.552 51.501 5.000e+07 1
18 1.079900 -0.330492 1.499355 -84.679 27.172 59.566 5.000e+07 1
19 0.406657 -0.813222 0.119098 -31.703 48.393 128.296 5.000e+07 1
20 -1.013112 0.287362 0.056987 75.564 -7.780 114.798 5.000e+07 1
21 1.132308 0.125809 0.634181 -107.075 -14.004 44.056 5.000e+07 1
22 -0.949652 -0.210707 -0.256191 23.393 2.545 141.919 5.000e+07 1
23 2.804609 -4.704248 2.303638 -20.992 35.768 52.278 5.000e+07 1
24 1.845972 -5.286235 -3.378543 16.020 -45.570 64.370 5.000e+07 1
25 1.784955 -0.836465 -0.772178 1.588 0.008 103.469 5.000e+07 1
26 366.943552 -205.954918 364.781153 -4.504 2.528 8.542 5.000e+07 1
27 -6.333338 1.046383 1.088722 13.958 -1.674 70.256 5.000e+07 1
28 0.236266 0.250004 -0.327786 44.519 58.322 138.788 5.000e+07 1
29 0.281511 -0.623994 0.317836 -49.625 106.575 94.227 5.000e+07 1
30 -1.553096 3.823169 -0.742440 -6.635 14.072 102.482 5.000e+07 1
31 3.698942 -0.219118 -0.430546 -20.351 -0.091 82.262 5.000e+07 1
32 1.012596 -0.298789 -0.130380 -10.367 1.883 153.397 5.000e+07 1
33 0.272599 -0.370789 0.211862 -59.486 74.829 78.396 5.000e+07 1
34 5.851249 0.352765 3.524257 -53.359 -3.072 43.638 5.000e+07 1
35 2.047191 1.699763 -2.136257 32.933 28.345 103.151 5.000e+07 1
36 0.304991 0.591028 1.329529 -65.683 -120.744 21.402 5.000e+07 1
37 4.322143 -99.449681 69.426234 -0.464 10.701 13.752 5.000e+07 1
38 0.230302 -0.466429 -0.735854 35.425 -74.757 151.103 5.000e+07 1
39 0.244363 -0.292797 -0.143096 -5.647 -13.732 135.319 5.000e+07 1
40 0.374272 0.110130 -0.001532 -25.043 4.571 171.223 5.000e+07 1
41 -0.157174 0.697805 0.321592 16.536 -64.632 75.071 5.000e+07 1
42 4.746500 1.341410 2.455188 -35.865 -9.942 71.828 5.000e+07 1
43 -0.074521 -0.106559 -0.042614 7.862 -17.826 120.187 5.000e+07 1
44 0.122827 -0.206137 0.066228 -10.367 28.620 132.038 5.000e+07 1
45 -4.255771 2.669724 -1.319863 -24.217 15.791 73.559 5.000e+07 1
46 1.674873 3.386315 0.426755 -12.039 -25.917 95.972 5.000e+07 1
47 -4.793485 12.386980 3.339000 5.783 -14.822 41.671 5.000e+07 1
48 -0.386720 0.787698 -0.800232 -28.886 60.948 122.269 5.000e+07 1
49 -1.020058 -1.051919 0.396218 32.499 42.423 70.625 5.000e+07 1
50 0.004845 0.036278 0.051436 -12.609 -15.985 71.153 5.000e+07 1
51 0.705882 2.719948 3.762857 -14.982 -57.462 31.987 5.000e+07 1
52 -0.065803 0.232322 -0.001350 0.341 -11.287 127.919 5.000e+07 1
53 0.271822 -0.088140 1.391176 -112.058 37.646 -17.992 5.000e+07 1
54 0.921009 0.848195 -1.693668 47.437 45.500 92.624 5.000e+07 1
55 -1.432125 3.150386 -0.925957 2.099 -4.273 105.282 5.000e+07 1
56 -0.001952 0.011022 0.035852 4.626 -2.952 52.117 5.000e+07 1
57 19.540266 -17.271871 72.023321 -19.022 16.815 11.832 5.000e+07 1
58 3.846170 0.873929 -0.181775 -5.605 -1.204 105.890 5.000e+07 1
59 23.865861 30.905994 10.454530 -1.846 -2.393 27.974 5.000e+07 1
60 0.435139 6.130165 7.920604 -4.644 -65.583 34.477 5.000e+07 1
61 -0.026125 -0.002589 0.210646 -128.006 -78.949 14.567 5.000e+07 1
62 -2.826231 -4.337931 1.161710 12.411 18.611 71.013 5.000e+07 1
63 -1.533898 -4.067727 -1.971678 -12.893 -34.739 93.874 5.000e+07 1
64 0.624404 1.558983 1.495524 -30.499 -72.148 52.477 5.000e+07 1
65 0.218520 0.223443 0.747211 -111.069 -107.668 -0.129 5.000e+07 1
66 -0.686516 1.016947 -0.117725 13.368 -15.945 156.118 5.000e+07 1
67 -0.379145 0.254932 0.748127 131.431 -84.313 15.066 5.000e+07 1
68 0.010360 0.154026 0.363386 -29.001 -109.885 7.924 5.000e+07 1
69 -0.056063 -0.022571 0.175636 -93.584 -49.250 -28.304 5.000e+07 1
70 -0.614236 -0.161723 0.677484 134.659 39.525 59.180 5.000e+07 1
71 -0.882361 -1.785404 -0.159000 5.798 18.198 122.601 5.000e+07 1
72 0.013907 -0.104173 0.932763 -28.495 154.902 -32.014 5.000e+07 1
73 63.946527 54.581578 -34.765996 10.290 8.783 20.466 5.000e+07 1
74 5.653292 3.544000 1.377675 -4.915 -3.514 68.412 5.000e+07 1
75 0.122646 -0.079362 0.068972 -48.922 7.792 123.796 5.000e+07 1
76 -0.100903 0.008001 0.155912 91.659 7.668 104.583 5.000e+07 1
77 1.197782 -0.333856 -0.315594 20.353 -11.602 137.025 5.000e+07 1
78 -1.222955 0.598451 -2.017495 -83.338 41.073 82.544 5.000e+07 1
79 0.341345 -4.673040 14.707721 -4.145 56.732 10.231 5.000e+07 1
80 11.826823 10.617478 -9.146842 24.389 21.877 42.878 5.000e+07 1
81 -1.238512 0.678349 0.158267 65.941 -29.066 115.326 5.000e+07 1
82 -0.522122 0.597702 0.569262 52.176 -55.732 41.058 5.000e+07 1
83 0.437388 -1.603475 -0.658543 5.216 -15.741 112.691 5.000e+07 1
84 -5.386502 0.415438 5.047009 45.179 -3.387 46.582 5.000e+07 1
85 2.645947 -2.336808 1.356959 -22.689 20.094 83.991 5.000e+07 1
86 0.532627 -1.755238 0.330675 -11.804 54.100 106.163 5.000e+07 1
87 2.781389 -1.085922 3.553431 -59.675 23.464 26.774 5.000e+07 1
88 1.240712 -1.107739 1.072730 -52.258 47.744 56.833 5.000e+07 1
89 0.043681 -1.117434 -0.036921 -3.259 22.214 156.846 5.000e+07 1
90 1.256588 1.665146 -2.103259 26.240 35.635 90.957 5.000e+07 1
91 -1.624839 -0.912985 1.451886 77.274 44.374 73.123 5.000e+07 1
92 0.153311 -0.120823 0.062264 -66.309 33.214 94.193 5.000e+07 1
93 0.017090 -0.057412 0.052107 0.118 35.437 69.645 5.000e+07 1
94 -1.437400 -0.551760 -0.305004 28.810 9.892 136.032 5.000e+07 1
95 -0.420470 0.282898 -0.379709 -48.272 35.351 121.702 5.000e+07 1
96 -0.457961 1.190842 0.798246 36.182 -96.494 60.867 5.000e+07 1
97 1.724126 0.644287 0.388049 -35.735 -21.457 103.867 5.000e+07 1
98 -3.858970 -6.590750 -0.738006 3.041 4.377 81.828 5.000e+07 1
99 -3.848998 -5.559208 1.949826 16.617 23.814 57.015 5.000e+07 1
100 -3.863264 -2.499981 -0.328102 -8.535 -5.191 91.059 5.000e+07 1
101 -0.003262 0.028574 1.157990 -18.219 111.329 -80.268 5.000e+07 1
102 0.627291 -0.939032 -0.170818 -18.219 15.515 153.430 5.000e+07 1
103 0.088530 0.255174 0.235026 -38.046 -74.397 79.421 5.000e+07 1
104 -1.780352 -6.741588 -1.554909 -3.143 -12.672 76.928 5.000e+07 1
105 0.992327 1.682921 -0.847567 6.785 17.977 106.628 5.000e+07 1
106 -0.668409 0.853649 -0.085565 22.287 -17.016 151.740 5.000e+07 1
107 2.441433 -1.388254 0.063205 -1.833 3.526 93.856 5.000e+07 1
108 2.368185 -0.249483 1.559858 -55.572 6.440 87.208 5.000e+07 1
109 0.496639 0.282128 0.154912 -51.337 -21.079 111.801 5.000e+07 1
110 0.239081 1.479854 -0.684121 -1.882 1.455 129.747 5.000e+07 1
111 -0.039691 -0.346268 0.024266 -9.595 -14.247 129.314 5.000e+07 1
112 -1.790320 0.612376 -0.199362 6.881 0.322 100.723 5.000e+07 1
113 0.133091 -0.051852 1.477443 -116.917 49.072 -21.843 5.000e+07 1
114 -0.337124 1.277685 0.153701 9.136 -49.204 120.798 5.000e+07 1
115 -0.226900 0.052013 -0.470780 -96.192 27.649 123.487 5.000e+07 1
116 -1.865587 1.835897 1.290782 47.683 -46.625 51.279 5.000e+07 1
117 -0.254318 -0.236925 0.047113 11.516 11.231 94.928 5.000e+07 1
118 -2.186509 0.569502 -1.342119 -62.262 16.236 102.038 5.000e+07 1
119 0.181934 -0.211371 0.329474 -68.637 62.945 59.357 5.000e+07 1
120 4.296723 -0.485157 -3.540121 34.410 -3.893 71.180 5.000e+07 1
121 -1.900145 0.783326 0.560782 70.448 -30.422 99.398 5.000e+07 1
122 -0.126681 0.235951 0.061514 19.165 -19.135 114.963 5.000e+07 1
123 -0.596890 -0.871750 0.507409 54.398 91.162 41.897 5.000e+07 1
124 9.930091 -4.745982 -8.268153 20.193 -9.637 38.846 5.000e+07 1
125 -0.126906 0.093831 0.158168 71.265 -45.908 92.540 5.000e+07 1
126 0.718925 -0.020739 0.422103 -84.481 -1.688 66.762 5.000e+07 1
127 -0.574123 -1.583719 -0.536846 -9.323 -13.245 138.148 5.000e+07 1
128 -0.582117 0.622139 0.526152 86.565 -77.610 59.565 5.000e+07 1
129 -1.332624 -0.055229 0.778895 91.809 3.342 63.426 5.000e+07 1
130 0.062288 0.010913 0.280079 133.869 10.536 -0.509 5.000e+07 1
131 -1.249198 -0.847680 0.980550 43.415 31.488 66.052 5.000e+07 1
132 0.567640 2.452403 1.121277 -15.617 -60.060 72.800 5.000e+07 1
133 0.618717 -1.441607 -0.486618 -4.181 -0.390 141.365 5.000e+07 1
134 1.935659 2.109251 5.166151 -39.708 -43.114 25.986 5.000e+07 1
135 0.733988 1.297994 -2.650044 41.525 74.180 50.885 5.000e+07 1
136 -6.285589 -1.900443 2.897136 19.367 5.963 66.126 5.000e+07 1
137 4.686393 1.371481 1.891167 -34.868 -10.055 69.474 5.000e+07 1
138 0.998218 -0.248528 0.245811 -66.710 18.045 112.619 5.000e+07 1
139 1.062876 0.606743 -0.056407 -21.797 -5.906 147.847 5.000e+07 1
140 -0.761801 -5.077925 -2.841521 -6.034 -41.094 60.769 5.000e+07 1
141 0.116741 3.492144 -1.086823 -0.860 -4.081 97.590 5.000e+07 1
142 -2.665721 -1.702848 -0.174114 23.285 15.793 96.478 5.000e+07 1
143 -0.826566 0.330032 -0.142160 11.810 8.362 158.952 5.000e+07 1
144 -0.253329 -0.255967 -0.005751 13.332 20.756 122.338 5.000e+07 1
145 0.238733 -0.423421 -0.014005 -38.877 53.788 117.475 5.000e+07 1
146 -0.303322 0.151943 1.071174 101.660 -46.547 -17.966 5.000e+07 1
147 -0.353129 1.900503 2.246460 14.554 -78.884 23.811 5.000e+07 1
148 0.094552 1.756245 -10.203754 2.704 50.043 0.627 5.000e+07 1
149 -11.350514 16.857815 18.684263 13.543 -20.103 35.078 5.000e+07 1
150 -0.595907 -0.348685 -0.141122 12.005 7.324 160.166 5.000e+07 1
151 -0.012506 0.009958 0.449758 86.686 -151.396 -35.327 5.000e+07 1
152 -34.090629 11.743374 -31.189529 -10.528 3.628 22.750 5.000e+07 1
153 3.960379 -3.081326 3.262194 -40.400 31.501 51.846 5.000e+07 1
154 -0.314998 0.251901 -0.894888 -73.738 61.224 117.537 5.000e+07 1
155 -1.859510 -0.193225 -4.449954 -86.601 -8.820 41.043 5.000e+07 1
156 -0.550954 2.187484 1.148521 21.841 -86.119 76.996 5.000e+07 1
157 -8.975933 1.563634 -5.049360 -18.782 3.317 63.602 5.000e+07 1
158 -1.287781 -5.213655 11.935380 11.850 47.795 18.909 5.000e+07 1
159 0.058071 0.486684 -0.847678 9.776 120.731 111.852 5.000e+07 1
160 -0.900050 3.850218 -0.473140 -1.039 -1.552 85.806 5.000e+07 1
161 3.350966 2.697711 -2.362179 12.121 9.902 86.152 5.000e+07 1
162 4.196277 -11.908609 6.510292 -7.716 22.080 37.724 5.000e+07 1
163 0.251872 0.426242 0.005538 -4.756 13.251 155.595 5.000e+07 1
164 -3.269685 3.018298 -3.564934 -27.982 26.073 56.731 5.000e+07 1
165 -0.181765 4.651061 -5.734445 -1.780 44.550 55.872 5.000e+07 1
166 -0.870787 -0.286159 -0.739368 -62.782 -18.566 129.739 5.000e+07 1
167 -0.066165 0.109600 0.322876 -60.357 106.167 -108.919 5.000e+07 1
168 0.055243 0.661839 0.370844 -10.169 -72.267 56.868 5.000e+07 1
169 0.437997 0.935845 -0.096931 -7.629 7.664 148.419 5.000e+07 1
170 -0.526874 -3.364211 -4.081463 -8.627 -55.299 47.943 5.000e+07 1
171 -0.451568 -0.229958 -0.004940 46.702 14.374 164.909 5.000e+07 1
172 0.233989 2.272375 0.822647 -8.086 -45.706 81.457 5.000e+07 1
173 0.838029 -0.064552 -1.644306 105.864 -6.377 89.333 5.000e+07 1
174 0.864205 1.582141 1.074770 -41.352 -69.501 57.584 5.000e+07 1
175 0.464109 0.285928 0.094615 -40.114 -20.009 130.975 5.000e+07 1
176 0.589532 0.068001 -1.276916 97.583 16.085 84.255 5.000e+07 1
177 4.608031 3.118595 0.027972 -1.714 -2.208 86.911 5.000e+07 1
178 7.259612 1.069331 -0.663244 -11.672 -1.301 83.342 5.000e+07 1
179 0.716986 -1.501358 -1.958199 33.468 -71.152 82.040 5.000e+07 1
180 -0.732879 0.536401 -0.183315 7.466 6.142 127.683 5.000e+07 1
181 -0.315850 0.050194 0.476217 111.868 -10.246 26.904 5.000e+07 1
182 0.268435 0.471808 0.277151 -61.722 -87.843 102.223 5.000e+07 1
183 1.067763 -0.139781 -0.551021 51.991 -10.591 126.984 5.000e+07 1
184 -2.038140 -0.566638 -0.785312 1.705 1.074 108.176 5.000e+07 1
185 -1.666159 -2.551489 -0.705716 4.453 8.729 96.005 5.000e+07 1
186 -0.394974 -0.183540 0.876231 94.398 48.241 8.936 5.000e+07 1
187 1.380845 11.324443 3.170213 -2.973 -24.220 40.915 5.000e+07 1
188 -0.432209 0.633223 -0.031476 40.120 -49.632 140.294 5.000e+07 1
189 0.018646 -0.059921 0.503258 -60.853 130.195 -64.899 5.000e+07 1
190 -0.317997 0.187867 0.296437 95.112 -51.478 56.182 5.000e+07 1
191 -1.086663 0.080808 -0.123809 9.451 -0.239 115.602 5.000e+07 1
192 1.205748 0.854554 -1.339137 61.368 46.528 107.728 5.000e+07 1
193 -0.760726 -0.813824 -0.341602 -8.519 -3.551 134.470 5.000e+07 1
194 1.514542 -0.455278 1.236076 -102.179 34.074 47.737 5.000e+07 1
195 -0.622059 1.369178 0.859306 36.955 -73.401 82.251 5.000e+07 1
196 0.291796 0.263199 -0.546371 32.819 43.500 142.750 5.000e+07 1
197 -0.361319 -2.710502 -1.370164 -7.520 -52.956 95.061 5.000e+07 1
198 36.430113 -43.967901 21.385358 -10.600 12.794 26.603 5.000e+07 1
199 0.105071 0.127943 0.181349 -74.973 -70.009 78.340 5.000e+07 1
200 -2.575768 4.002277 -0.108918 -128.222 -91.242 4.170 6.250e+07 2
201 5.885188 0.579114 0.545322 -19.884 146.622 -2.067 6.250e+07 2
202 0.791133 6.455718 0.654254 -143.636 12.098 -2.114 6.250e+07 2
203 -1.655609 0.757500 -0.925168 -77.502 -179.532 25.081 6.250e+07 2
204 5.460513 -4.525336 0.036604 85.720 110.631 -0.681 6.250e+07 2
205 0.469451 -0.200997 0.361663 248.585 172.246 -75.876 6.250e+07 2
206 4.007899 2.368889 -0.500630 -85.285 131.222 3.265 6.250e+07 2
207 3.820238 -3.195580 -0.000842 92.741 124.477 -0.285 6.250e+07 2
208 -3.618675 2.556785 -0.512042 -83.793 -132.445 3.665 6.250e+07 2
209 -12.793527 8.746920 0.008317 -60.342 -91.913 0.074 6.250e+07 2
210 1.218040 -0.355909 -0.696458 64.263 205.029 36.532 6.250e+07 2
211 1.673572 -1.208337 0.243529 102.346 160.127 -9.454 6.250e+07 2
212 0.290419 0.459526 -0.006936 -174.271 268.631 11.899 6.250e+07 2
213 7.324876 4.440866 -0.049987 -75.604 113.934 1.846 6.250e+07 2
214 1.906997 4.733036 -0.105955 -140.056 48.046 4.355 6.250e+07 2
215 -2.513568 3.000358 -0.107838 -120.955 -108.436 6.169 6.250e+07 2
216 -3.792971 0.397425 0.019447 -5.593 -161.392 -0.098 6.250e+07 2
217 -0.533124 2.121170 0.175023 -175.694 -61.081 -7.267 6.250e+07 2
218 -2.426125 -0.776921 -0.225386 69.219 -164.491 11.318 6.250e+07 2
219 1.354881 2.730851 -0.444592 -159.208 68.894 9.820 6.250e+07 2
220 -2.652455 -5.031736 -0.714389 134.251 -64.592 2.120 6.250e+07 2
221 1.448873 5.304447 0.895987 -145.939 33.662 -3.939 6.250e+07 2
222 2.705372 1.373448 0.245765 -89.002 150.754 -3.092 6.250e+07 2
223 -3.739940 -3.252853 -0.107571 106.511 -110.578 0.425 6.250e+07 2
224 0.117153 -0.821077 0.049409 169.153 -755.159 -17.288 6.250e+07 2
225 0.376926 1.696606 -0.392170 -195.084 29.526 18.911 6.250e+07 2
226 -2.075063 2.459220 -0.172922 -123.698 -116.047 5.414 6.250e+07 2
227 -0.672396 0.636605 0.305750 -168.127 -163.196 -41.538 6.250e+07 2
228 -0.663390 -4.037859 -0.385948 160.122 -17.520 2.791 6.250e+07 2
229 1.863802 4.959772 0.435299 -143.927 46.534 -3.187 6.250e+07 2
230 -0.323333 -2.352955 -0.028746 182.061 -13.389 3.882 6.250e+07 2
231 2.002249 0.565634 0.328701 -64.452 172.840 -13.892 6.250e+07 2
232 -0.379372 0.365218 0.826946 -320.172 -61.773 -64.890 6.250e+07 2
233 0.232964 2.644127 -0.725680 -179.901 5.587 12.451 6.250e+07 2
234 -2.261490 1.164550 1.019941 -73.250 -163.289 -12.868 6.250e+07 2
235 -0.496765 -0.115290 -0.026040 -383.576 -280.969 25.795 6.250e+07 2
236 -2.761770 3.978715 0.306493 -125.735 -104.218 0.828 6.250e+07 2
237 -2.116300 2.178147 0.129344 -115.189 -124.174 -3.147 6.250e+07 2
238 -0.113245 -0.510228 0.739102 66.378 -461.952 -94.513 6.250e+07 2
239 2.550748 3.638491 -0.065345 -135.277 84.149 0.945 6.250e+07 2
240 -0.479335 -0.240117 -0.374554 7.285 -315.862 51.698 6.250e+07 2
241 0.643721 -0.089979 -0.111108 594.868 24.035 30.843 6.250e+07 2
242 0.046676 -0.597163 -0.159783 266.357 -28.416 53.305 6.250e+07 2
243 -0.830024 2.073270 -0.045411 -814.995 2015.003 27.304 6.250e+07 2
244 0.242837 0.460878 0.368814 -162.759 277.508 -71.556 6.250e+07 2
245 0.569223 -3.215810 0.038786 165.723 39.891 -1.048 6.250e+07 2
246 -0.794370 -0.996114 -0.190975 173.525 -123.191 18.698 6.250e+07 2
247 0.110926 -0.490748 -0.132493 282.645 -83.280 46.105 6.250e+07 2
248 2.119208 0.407787 0.165936 -50.063 181.766 -2.576 6.250e+07 2
249 0.469172 0.115846 0.072191 311.834 296.706 -32.808 6.250e+07 2
250 -1.798731 -1.793658 -0.761721 132.740 -118.255 16.234 6.250e+07 2
251 0.859793 1.450562 0.059429 -182.474 105.534 -15.866 6.250e+07 2
252 -4.076578 8.553936 -0.601008 -114.869 -58.715 0.637 6.250e+07 2
253 -1.464340 1.049128 -0.361133 -100.738 -169.703 18.689 6.250e+07 2
254 -1.571025 -0.523913 0.325041 74.123 -184.861 -20.198 6.250e+07 2
255 -0.362834 0.315750 -0.517089 -376.559 2.857 74.898 6.250e+07 2
256 1.886698 3.522370 -0.216046 -147.767 68.517 4.122 6.250e+07 2
257 -0.817697 0.799450 0.128956 -151.182 -170.492 -15.409 6.250e+07 2
258 -0.007913 1.072027 -0.792995 -227.555 10.080 40.395 6.250e+07 2
259 -0.662396 -0.824851 0.151708 182.858 -147.111 -14.524 6.250e+07 2
260 0.245418 -1.675943 -0.999364 196.170 29.368 25.016 6.250e+07 2
261 1.323595 2.451173 -0.118647 -158.968 73.728 3.098 6.250e+07 2
262 -0.599524 0.041158 0.485530 -111.016 -259.204 -52.597 6.250e+07 2
263 1.554156 0.186634 0.859854 -25.466 199.927 -25.107 6.250e+07 2
264 0.569638 -0.621348 -0.078725 180.189 154.910 25.893 6.250e+07 2
265 0.227895 5.204746 -0.042402 -152.548 -0.144 0.067 6.250e+07 2
266 -1.429179 -1.546401 -0.472970 149.708 -108.800 15.024 6.250e+07 2
267 -0.622304 -0.158340 -0.857998 -33.826 -276.703 59.663 6.250e+07 2
268 -0.564091 1.184378 0.117178 -188.116 -102.251 -16.182 6.250e+07 2
269 -3.389895 -9.938244 -0.318528 119.549 -37.720 0.376 6.250e+07 2
270 0.667313 -2.209270 -0.158074 169.029 64.082 9.377 6.250e+07 2
271 -3.333824 -0.894006 0.452158 56.014 -155.216 -7.612 6.250e+07 2
272 -2.064709 0.856522 -0.198050 -59.598 -176.116 2.030 6.250e+07 2
273 2.065679 -3.209550 -1.048245 134.104 93.071 7.777 6.250e+07 2
274 3.488410 -1.118370 -1.236481 45.924 158.604 8.773 6.250e+07 2
275 -0.506727 2.554279 0.193415 -172.700 -50.875 -10.145 6.250e+07 2
276 0.529913 -0.772113 0.044281 177.873 130.733 -0.000 6.250e+07 2
277 0.611975 1.277504 -0.051266 -196.948 71.128 9.657 6.250e+07 2
278 -6.964999 -2.645773 0.290778 49.079 -125.771 4.303 6.250e+07 2
279 -0.379238 0.499773 -0.291347 -261.700 -89.912 62.115 6.250e+07 2
280 11.821875 2.807172 0.067747 -29.865 115.325 -0.103 6.250e+07 2
281 -0.530493 3.231699 0.203090 -163.159 -42.427 -2.914 6.250e+07 2
282 3.992355 2.567876 0.264040 -89.364 127.393 -1.689 6.250e+07 2
283 0.618237 -1.028316 -0.386145 179.521 116.064 33.263 6.250e+07 2
284 4.181817 -4.112535 0.252971 100.317 109.903 -2.845 6.250e+07 2
285 4.929430 4.206124 0.316015 -100.881 106.266 -0.432 6.250e+07 2
286 -3.357107 5.025224 -1.947408 -119.210 -84.651 4.374 6.250e+07 2
287 0.491122 1.554698 -0.095879 -192.497 42.213 7.754 6.250e+07 2
288 -4.008949 -1.030475 0.218046 49.499 -153.421 -1.967 6.250e+07 2
289 0.321923 0.414815 0.277596 144.930 464.512 -65.940 6.250e+07 2
290 -0.744156 -0.360704 -0.081968 97.788 -230.605 8.225 6.250e+07 2
291 -1.349957 -0.731436 -0.389742 106.541 -172.646 21.506 6.250e+07 2
292 0.320449 -0.429136 -0.355454 399.018 -277.496 95.516 6.250e+07 2
293 0.152188 0.650459 0.228783 -252.838 130.684 -43.519 6.250e+07 2
294 -5.195650 1.771137 0.648909 -42.998 -143.334 -2.463 6.250e+07 2
295 0.046417 -6.653265 -0.058882 144.747 6.723 -0.878 6.250e+07 2
296 -5.440039 4.632364 0.071923 -86.926 -104.832 3.694 6.250e+07 2
297 4.482546 -5.554546 -0.096149 106.159 92.559 2.135 6.250e+07 2
298 -1.757132 -5.857676 -0.410088 141.790 -37.283 1.896 6.250e+07 2
299 -0.454209 0.318558 1.152116 -288.038 -117.845 -55.827 6.250e+07 2
300 -0.656466 -0.832033 -0.039328 179.704 -138.531 12.742 6.250e+07 2
301 -1.372585 -0.681097 -0.016547 101.774 -175.311 0.806 6.250e+07 2
302 -0.015915 -0.955573 0.100256 232.348 0.122 -9.280 6.250e+07 2
303 3.471522 1.428350 0.098041 -70.550 148.321 -1.062 6.250e+07 2
304 -1.149627 -2.901212 -0.011545 161.723 -52.764 3.342 6.250e+07 2
305 -0.639671 0.637166 -0.369381 -177.395 -158.524 46.252 6.250e+07 2
306 0.599616 -0.966195 0.626099 190.337 113.988 -36.969 6.250e+07 2
307 -0.455414 0.187429 -1.452082 -390.134 -79.102 45.204 6.250e+07 2
308 1.058710 -2.840164 -0.284045 155.115 71.760 7.357 6.250e+07 2
309 -0.427220 -0.347261 -0.672184 50.840 -295.650 72.063 6.250e+07 2
310 -0.442713 0.635480 -1.386309 -246.581 -78.459 43.350 6.250e+07 2
311 5.222798 0.328190 0.250389 -15.554 151.651 -1.020 6.250e+07 2
312 0.651086 0.369430 -0.119656 566.040 410.668 57.074 6.250e+07 2
313 -2.646918 7.235636 0.613890 -127.519 -51.089 -1.805 6.250e+07 2
314 8.475389 -14.089501 2.104814 91.035 56.853 -0.424 6.250e+07 2
315 0.920672 -1.152937 -0.112842 146.335 139.261 6.866 6.250e+07 2
316 1.315236 1.374368 -0.148270 -155.625 126.284 7.439 6.250e+07 2
317 -0.266126 0.398768 -0.308879 -363.039 84.767 66.235 6.250e+07 2
318 -2.249275 18.175078 -0.099873 -102.066 -14.262 0.026 6.250e+07 2
319 0.349471 -1.109199 -0.690108 213.381 56.266 37.509 6.250e+07 2
320 -8.429543 0.579347 0.152229 -5.559 -134.214 -0.664 6.250e+07 2
321 -5.561368 3.323983 -0.019380 -68.817 -125.613 0.345 6.250e+07 2
322 0.161410 0.821292 -0.307441 -251.223 78.136 46.237 6.250e+07 2
323 2.489931 -3.424868 -0.095654 124.646 100.225 1.027 6.250e+07 2
324 0.826706 -1.104042 0.473414 159.488 132.520 -23.785 6.250e+07 2
325 -0.605034 1.370217 1.024218 -188.057 -80.293 -35.531 6.250e+07 2
326 -0.381406 -0.332814 -0.381639 50.415 -305.687 67.873 6.250e+07 2
327 -7.977399 0.045201 0.033708 2.436 -135.233 0.117 6.250e+07 2
328 5.504346 12.307148 -0.261463 -106.056 44.960 0.104 6.250e+07 2
329 -0.921276 0.357814 0.052204 -81.740 -209.684 -17.515 6.250e+07 2
330 0.030485 -0.665063 0.012651 261.560 -11.121 -3.512 6.250e+07 2
331 -2.365616 0.031888 -0.004732 15.176 -181.650 6.112 6.250e+07 2
332 1.315459 1.929130 -0.076456 -164.019 94.876 2.006 6.250e+07 2
333 -1.975211 -1.863248 -0.306660 132.717 -116.904 3.046 6.250e+07 2
334 -10.889402 -7.243633 0.321301 66.151 -95.370 -0.081 6.250e+07 2
335 0.062683 0.899242 -0.896095 -239.183 50.806 45.064 6.250e+07 2
336 -1.318904 -0.247398 1.625469 20.826 -208.884 -28.408 6.250e+07 2
337 0.671902 -0.269583 -0.284875 125.023 224.373 54.120 6.250e+07 2
338 -1.992250 -0.978828 -2.227302 76.870 -166.754 15.897 6.250e+07 2
339 0.021907 1.874338 -0.504482 -193.845 -10.056 18.931 6.250e+07 2
340 -1.930827 -0.904710 -0.004468 96.643 -159.310 0.639 6.250e+07 2
341 0.177396 -0.449235 0.601542 328.796 -123.366 -67.126 6.250e+07 2
342 3.163427 -2.568382 0.020242 97.700 127.575 -0.806 6.250e+07 2
343 4.890251 -3.027108 -0.889657 73.010 128.310 3.551 6.250e+07 2
344 -0.358290 1.749310 0.059257 -193.540 -53.963 0.719 6.250e+07 2
345 -0.473871 1.030512 0.319931 -198.692 -96.520 -39.564 6.250e+07 2
346 0.818622 -9.972245 0.134708 126.318 13.484 -0.134 6.250e+07 2
347 -0.093172 -0.509388 -0.114988 257.546 -185.139 48.521 6.250e+07 2
348 -0.424307 -0.582380 0.039130 201.223 -179.698 -2.960 6.250e+07 2
349 -0.353744 -0.324434 -0.279727 -13.054 -365.429 41.916 6.250e+07 2
350 -0.535006 1.990389 -0.417440 -180.080 -59.714 19.308 6.250e+07 2
351 1.949411 7.486788 -0.026302 -133.965 30.300 0.088 6.250e+07 2
352 -0.119013 -0.561874 0.184071 246.001 -148.381 -51.916 6.250e+07 2
353 -0.906235 1.824556 0.508917 -163.741 -97.736 -26.230 6.250e+07 2
354 -1.367570 2.530997 0.140642 -143.045 -92.691 -3.487 6.250e+07 2
355 -2.936932 0.632041 -0.629950 -28.052 -170.527 8.798 6.250e+07 2
356 0.054917 -0.536139 -0.071054 274.118 -74.313 19.551 6.250e+07 2
357 1.031460 -3.604886 0.072565 156.228 53.822 -1.107 6.250e+07 2
358 1.220738 0.551910 0.036592 -96.696 196.188 1.876 6.250e+07 2
359 -0.455705 0.105887 0.235101 -317.716 -169.418 -55.270 6.250e+07 2
360 -3.591785 0.817778 0.259350 -27.090 -162.754 -4.801 6.250e+07 2
361 1.601228 -2.619943 0.419901 137.282 94.477 -14.885 6.250e+07 2
362 2.245214 -6.866066 0.133535 131.958 48.106 -1.185 6.250e+07 2
363 -7.094463 -2.565966 0.447681 53.287 -131.027 -4.908 6.250e+07 2
364 0.865058 -1.710185 0.275116 163.031 105.813 -16.768 6.250e+07 2
365 -1.300555 5.669204 -0.231274 -142.709 -39.439 0.880 6.250e+07 2
366 -2.575281 -6.733436 0.635185 132.123 -45.785 -1.442 6.250e+07 2
367 -1.650084 -1.160566 0.227279 121.640 -138.678 -15.569 6.250e+07 2
368 0.135631 0.634626 -0.090417 -265.502 127.825 27.608 6.250e+07 2
369 2.055958 4.625769 -0.014343 -146.998 59.398 -1.495 6.250e+07 2
370 -0.871730 -1.362127 -0.043843 176.713 -90.694 0.240 6.250e+07 2
371 -2.220039 -1.086924 -0.079703 94.610 -151.988 6.172 6.250e+07 2
372 -0.356930 0.475441 -0.120774 -286.825 -67.101 45.660 6.250e+07 2
373 -1.612165 4.170323 -0.192339 -146.224 -64.654 1.659 6.250e+07 2
374 1.467878 3.069989 -0.000746 -154.395 60.466 -0.019 6.250e+07 2
375 8.241462 -3.210471 0.131085 44.371 123.908 -0.212 6.250e+07 2
376 7.246372 -2.011063 0.051338 32.064 133.332 -0.319 6.250e+07 2
377 2.566311 -2.677569 0.115860 114.213 120.538 -2.212 6.250e+07 2
378 -0.273131 -0.390943 -0.325120 21.726 -378.064 70.821 6.250e+07 2
379 1.801746 -0.307044 0.400297 1747.500 -282.835 -66.017 6.250e+07 2
380 0.337140 2.204533 -0.034527 -186.796 11.940 1.699 6.250e+07 2
381 0.321446 0.456611 0.020470 156.204 487.610 -21.685 6.250e+07 2
382 0.020172 -0.462587 -0.300683 247.506 -294.167 88.481 6.250e+07 2
383 -4.877233 2.471349 1.376132 -63.313 -135.722 -4.388 6.250e+07 2
384 -2.071818 -0.643297 0.302588 63.664 -173.923 -13.464 6.250e+07 2
385 -0.709013 2.226997 -0.247006 -169.810 -69.630 16.935 6.250e+07 2
386 -0.107934 0.965877 0.309269 -242.256 -25.061 -41.136 6.250e+07 2
387 -0.301243 7.201593 0.170109 -139.445 -11.141 -0.462 6.250e+07 2
388 -5.921548 1.286975 0.165880 -26.016 -141.615 -1.145 6.250e+07 2
389 3.226311 -5.871758 -0.353335 120.923 73.267 2.144 6.250e+07 2
390 0.463082 0.158676 0.195194 305.312 315.579 -57.437 6.250e+07 2
391 -3.861194 4.179197 0.073608 -103.128 -105.574 0.041 6.250e+07 2
392 2.741887 0.193070 -0.103081 -21.980 179.710 5.978 6.250e+07 2
393 -1.305682 -1.471812 -0.526787 141.148 -116.333 25.620 6.250e+07 2
394 -2.769489 1.534214 0.097862 -74.198 -155.401 -2.338 6.250e+07 2
395 -0.320452 -1.272646 -0.148487 200.121 -37.658 18.940 6.250e+07 2
396 0.863396 2.049381 0.521234 -177.363 60.384 -15.149 6.250e+07 2
397 -0.136990 -0.534668 -0.464877 225.581 -186.008 76.536 6.250e+07 2
398 -0.522982 0.202173 0.067973 -519.357 55.903 -10.283 6.250e+07 2
399 -0.577119 -1.022779 0.318414 193.121 -93.811 -31.322 6.250e+07 2
400 -1.028335 -0.669723 0.471289 115.164 -181.742 -31.052 6.250e+07 2
401 1.444102 -0.211632 1.191812 38.501 201.913 -26.819 6.250e+07 2
402 0.692496 0.191063 0.285610 -27.324 254.274 -44.926 6.250e+07 2
403 -1.079496 0.546221 -0.390161 -90.004 -195.425 35.580 6.250e+07 2
404 0.612268 1.171109 -0.008933 -202.582 93.795 -0.021 6.250e+07 2
405 -0.075769 -0.464251 0.055515 212.240 -314.876 -21.497 6.250e+07 2
406 -0.616632 3.006886 -0.304680 -165.200 -47.587 8.179 6.250e+07 2
407 4.224908 -0.835653 -1.250984 25.129 156.306 6.727 6.250e+07 2
408 0.345069 -0.941738 0.028217 226.144 94.768 6.386 6.250e+07 2
409 -0.072210 -0.495567 -0.053490 253.128 -210.280 5.973 6.250e+07 2
410 -7.490962 -3.711119 0.508951 62.591 -117.671 -1.602 6.250e+07 2
411 3.134654 -3.100164 0.087092 108.764 120.119 -1.501 6.250e+07 2
412 2.678640 -0.413454 -0.053816 17.446 176.868 1.825 6.250e+07 2
413 0.442141 0.220686 -0.591779 90.002 345.284 70.651 6.250e+07 2
414 1.574194 -0.491263 -0.108296 40.056 194.088 12.648 6.250e+07 2
415 1.934628 1.882045 -0.156393 -132.095 122.364 5.027 6.250e+07 2
416 -0.546290 0.420416 -0.021686 -174.994 -166.648 13.279 6.250e+07 2
417 -2.988923 2.502565 -0.040183 -95.706 -128.584 0.657 6.250e+07 2
418 0.157129 0.479181 0.160790 -206.534 261.140 -44.325 6.250e+07 2
419 0.379590 0.308193 1.117151 77.791 370.576 -53.964 6.250e+07 2
420 1.285665 -3.001128 1.064478 153.752 71.956 -10.311 6.250e+07 2
421 3.761082 -0.702748 0.508065 21.933 162.268 -7.587 6.250e+07 2
422 0.843131 2.814528 0.130607 -168.506 37.814 -2.743 6.250e+07 2
423 -3.162510 4.018494 0.122861 -108.170 -97.351 -2.247 6.250e+07 2
424 0.891162 1.585269 -0.013685 -183.222 76.226 10.110 6.250e+07 2
425 2.272849 -4.082421 0.039964 133.375 80.989 -1.362 6.250e+07 2
426 -2.700644 3.029301 0.037485 -109.152 -110.855 -3.039 6.250e+07 2
427 -0.513468 1.146615 0.026883 -199.498 -93.835 13.974 6.250e+07 2
428 1.289811 0.897907 -0.080441 -131.291 155.872 7.791 6.250e+07 2
429 4.285901 -2.103049 -0.440432 61.717 141.412 3.262 6.250e+07 2
430 13.275857 1.549794 -0.349526 -12.858 113.869 -2.751 6.250e+07 2
431 -0.362180 -0.461222 -1.129801 115.868 -270.031 52.629 6.250e+07 2
432 -15.482597 -3.202341 0.430238 23.911 -106.254 -0.079 6.250e+07 2
433 1.775950 15.881335 0.359872 -107.991 10.154 -0.082 6.250e+07 2
434 4.978595 -1.247969 -0.253811 29.635 147.401 2.100 6.250e+07 2
435 -0.216561 0.689525 0.090560 -260.959 -44.725 -14.783 6.250e+07 2
436 -0.205076 -0.792063 -0.354538 -129.407 -758.058 79.465 6.250e+07 2
437 -1.797839 0.003640 0.150817 12.561 -197.132 -6.488 6.250e+07 2
438 2.925524 -0.216673 0.161603 1.213 174.118 -5.257 6.250e+07 2
439 -1.047249 1.642358 0.414687 -143.197 -107.614 -21.671 6.250e+07 2
440 -0.885249 -0.192221 0.409739 -828.705 -235.670 -72.023 6.250e+07 2
441 -0.601129 0.352251 1.666020 -213.219 -166.538 -38.054 6.250e+07 2
442 -12.338447 -3.733739 0.114918 36.085 -111.594 0.079 6.250e+07 2
443 0.067146 1.080478 -0.196729 -236.845 -1.443 31.322 6.250e+07 2
444 -1.641233 -0.318715 0.212310 51.954 -197.249 -10.330 6.250e+07 2
445 -0.377064 0.924043 0.153991 -213.461 -89.317 -16.190 6.250e+07 2
446 -1.019701 -0.380800 -0.257591 75.202 -210.545 34.322 6.250e+07 2
447 -0.894224 -2.276443 -0.142143 170.342 -53.282 3.651 6.250e+07 2
448 -0.156559 -0.486415 -0.065628 230.328 -263.522 17.492 6.250e+07 2
449 3.481164 -2.886364 0.086912 95.732 127.077 -3.332 6.250e+07 2
450 -4.685474 5.215545 0.160705 -101.501 -98.252 -0.300 6.250e+07 2
451 0.703641 -0.323905 -0.132570 115.176 223.098 19.493 6.250e+07 2
452 2.050817 -1.271490 -0.436234 88.116 161.402 11.969 6.250e+07 2
453 0.145184 -4.502038 -1.460235 157.110 9.930 5.711 6.250e+07 2
454 0.043465 -0.460922 0.118478 255.182 -270.724 -46.324 6.250e+07 2
455 4.003994 -0.393168 -0.019730 4.847 160.613 1.248 6.250e+07 2
456 -0.760473 2.784189 0.177985 -161.115 -63.029 -4.866 6.250e+07 2
457 -3.817869 6.895400 0.006108 -117.280 -70.853 1.512 6.250e+07 2
458 2.487985 2.378672 0.391188 -125.880 117.385 -5.767 6.250e+07 2
459 3.126671 0.340932 -0.141467 -34.954 165.126 8.975 6.250e+07 2
460 0.754024 1.063742 0.142210 -196.050 121.904 -14.830 6.250e+07 2
461 -0.453944 0.472264 -0.041445 -214.797 -130.043 11.281 6.250e+07 2
462 -1.240753 -3.029300 0.209353 160.547 -53.232 -5.322 6.250e+07 2
463 0.794139 0.222814 0.868309 -20.756 248.386 -46.443 6.250e+07 2
464 1.618892 -3.494081 0.842117 144.994 75.322 -6.947 6.250e+07 2
465 -3.323613 -2.918644 0.154090 109.457 -113.617 -2.003 6.250e+07 2
466 0.887637 -1.636616 0.234316 155.312 94.968 -4.473 6.250e+07 2
467 -5.990533 2.074960 -0.038757 -42.466 -140.003 0.370 6.250e+07 2
468 8.421447 8.557843 0.670851 -87.076 81.992 -0.308 6.250e+07 2
469 14.632172 -1.073749 -0.472046 6.115 111.753 0.122 6.250e+07 2
470 0.718930 0.106118 0.244556 0.221 268.750 -30.036 6.250e+07 2
471 -1.428947 0.391046 -0.187251 -34.612 -196.142 12.612 6.250e+07 2
472 -0.449977 0.132546 0.220080 -318.382 -165.174 -43.511 6.250e+07 2
473 -0.287906 -0.453475 0.224821 -117.720 -487.861 -62.890 6.250e+07 2
474 -0.551203 -0.102451 -0.470629 -70.016 -293.901 66.395 6.250e+07 2
475 -1.915949 0.068606 -0.465620 4.335 -190.373 16.551 6.250e+07 2
476 1.698988 2.513295 0.023493 -151.408 90.738 1.860 6.250e+07 2
477 1.107084 0.069839 0.503497 -11.253 224.690 -31.443 6.250e+07 2
478 0.365852 -0.398940 0.325512 316.761 81.630 -55.860 6.250e+07 2
479 0.523544 -0.025031 -0.173375 464.323 135.615 67.412 6.250e+07 2
480 -0.149642 -0.609167 0.143405 250.868 -104.627 -31.116 6.250e+07 2
481 -0.616234 0.757189 -1.208356 -199.700 -117.735 40.115 6.250e+07 2
482 -0.183260 0.440374 -0.160367 -349.384 240.696 57.999 6.250e+07 2
483 0.581600 -5.755161 -0.018282 145.751 18.673 -0.047 6.250e+07 2
484 -0.691825 0.278790 -0.363077 -134.336 -203.718 37.160 6.250e+07 2
485 1.250786 0.659537 0.254705 -109.135 179.382 -23.971 6.250e+07 2
486 -0.192792 0.655483 0.144873 -278.426 -8.485 -38.015 6.250e+07 2
487 4.857412 -1.543638 0.015347 39.817 147.898 -1.896 6.250e+07 2
488 -12.268994 -5.550310 0.168101 49.505 -103.313 0.855 6.250e+07 2
489 -4.508387 3.774625 0.437373 -90.386 -117.717 -0.602 6.250e+07 2
490 -0.343138 -0.618180 -0.831098 -249.687 -623.325 70.399 6.250e+07 2
491 0.617995 0.738524 -0.019235 -188.081 167.499 18.076 6.250e+07 2
492 -2.648259 -0.622518 0.073428 53.578 -165.186 -0.485 6.250e+07 2
493 2.583620 -1.375968 -0.026148 68.484 162.439 1.730 6.250e+07 2
494 -3.443732 1.232702 0.239884 -46.123 -159.847 -2.799 6.250e+07 2
495 -0.557377 0.288869 0.139314 -175.849 -191.968 -29.782 6.250e+07 2
496 -0.636226 0.820261 0.064447 -176.924 -142.592 -7.236 6.250e+07 2
497 -0.629848 -0.228688 -0.010943 -538.980 -304.073 17.873 6.250e+07 2
498 2.742188 0.451132 -0.058661 -42.794 168.615 6.337 6.250e+07 2
499 -1.435529 -1.818105 1.261441 144.866 -108.072 -16.712 6.250e+07 2
500 -0.150417 0.677015 -0.032196 -275.078 -8.965 17.221 6.250e+07 2
501 -1.067577 -1.758160 -0.282528 -1026.243 -1709.258 60.492 6.250e+07 2
502 -3.032793 4.153028 0.067679 -119.974 -101.847 2.747 6.250e+07 2
503 -3.491929 -1.513600 0.007346 73.321 -144.121 0.155 6.250e+07 2
504 -2.362426 0.120493 0.147551 6.170 -189.156 -10.844 6.250e+07 2
505 -1.048193 -0.457852 0.077970 -991.871 -467.780 -37.780 6.250e+07 2
506 5.140220 1.121144 -0.121339 -38.269 146.818 1.126 6.250e+07 2
507 1.742048 0.200775 0.086824 -35.686 194.779 -1.749 6.250e+07 2
508 2.368389 0.049868 0.778457 -20.289 179.047 -11.032 6.250e+07 2
509 -0.126806 -1.462261 -0.111862 202.138 1.758 10.652 6.250e+07 2
510 0.692374 1.834067 -0.536804 -185.016 56.138 19.216 6.250e+07 2
511 1.393920 -3.909825 0.163486 148.618 62.361 -2.089 6.250e+07 2
512 -0.491972 -0.831713 0.230820 199.180 -129.223 -24.466 6.250e+07 2
513 1.349007 -1.374659 -0.035628 126.098 144.788 3.282 6.250e+07 2
514 2.412947 -4.394770 -0.073738 130.262 81.322 0.899 6.250e+07 2
515 5.867582 6.504864 -0.322564 -100.168 85.652 0.544 6.250e+07 2
516 -1.227735 0.056358 0.076784 4.209 -215.536 -11.155 6.250e+07 2
517 1.864035 0.350912 0.186233 -47.853 186.407 -7.092 6.250e+07 2
518 -2.636414 -3.238219 -0.040856 128.893 -94.418 -0.549 6.250e+07 2
519 0.173112 -1.753410 -0.055894 190.942 37.340 -3.481 6.250e+07 2
520 -1.738802 -0.798133 -0.075832 98.555 -179.348 9.615 6.250e+07 2
521 2.371960 0.461268 0.037934 -42.095 175.988 4.135 6.250e+07 2
522 0.358261 -0.322990 -0.430503 335.836 46.613 82.308 6.250e+07 2
523 -3.023959 -4.096552 -0.330799 127.250 -84.735 0.484 6.250e+07 2
524 0.739539 -1.067450 -0.235640 163.242 131.410 15.649 6.250e+07 2
525 -1.701507 -1.805847 0.110436 138.476 -110.891 -5.837 6.250e+07 2
526 -0.952070 -0.509724 -0.969739 87.344 -205.333 41.171 6.250e+07 2
527 0.670273 -1.424949 -0.191244 175.581 99.902 8.962 6.250e+07 2
528 0.433794 0.211559 -0.021920 252.566 348.407 10.358 6.250e+07 2
529 0.332347 3.755384 0.139275 -164.950 4.973 -1.496 6.250e+07 2
530 3.691264 -1.138596 0.092117 42.551 150.122 2.918 6.250e+07 2
531 8.460853 -5.247045 -0.492040 64.359 109.804 0.633 6.250e+07 2
532 -0.586875 -0.092329 0.159729 -30.503 -277.009 -30.904 6.250e+07 2
533 -0.336739 -1.143405 0.064238 210.679 -50.235 -9.127 6.250e+07 2
534 -0.391599 5.246247 -0.302379 -150.394 -18.208 2.518 6.250e+07 2
535 -0.380227 2.018277 0.105906 -190.756 -47.694 2.932 6.250e+07 2
536 -0.290304 0.661911 -0.498307 -350.806 585.159 79.568 6.250e+07 2
537 0.202579 0.788767 0.222574 -248.289 84.661 -32.369 6.250e+07 2
538 -0.252473 2.188858 0.632891 -185.612 -32.083 -19.230 6.250e+07 2
539 -0.552841 0.951057 -0.512129 -196.267 -110.121 42.435 6.250e+07 2
540 -1.074551 2.153302 0.047645 -141.897 -93.721 0.941 6.250e+07 2
541 0.543797 0.767316 0.022502 -183.996 141.085 -3.751 6.250e+07 2
542 2.579360 2.284756 -0.142894 -120.101 119.924 2.474 6.250e+07 2
543 5.105740 -6.619997 0.053666 103.071 85.029 -1.004 6.250e+07 2
544 -2.078558 4.082015 -0.659365 -136.389 -77.303 6.216 6.250e+07 2
545 0.180230 0.516128 -0.613616 3.512 499.968 84.139 6.250e+07 2
546 -1.388429 2.852911 0.014434 -146.856 -86.327 0.696 6.250e+07 2
547 2.476194 1.595556 0.254638 -102.510 140.137 -3.644 6.250e+07 2
548 -0.998679 1.822635 0.285714 -147.219 -109.510 -7.874 6.250e+07 2
549 0.601046 1.905535 0.223277 -182.886 36.520 -9.836 6.250e+07 2
550 0.949720 1.536596 0.006903 -199.640 100.912 -1.316 6.250e+07 2
551 1.587298 0.220052 -0.047251 -36.324 197.228 10.691 6.250e+07 2
552 -1.967837 -4.827666 0.449982 143.122 -51.896 -1.940 6.250e+07 2
553 -0.289509 -0.591717 0.084424 225.302 -159.348 -13.350 6.250e+07 2
554 -0.413084 -0.306254 -0.483459 -238.479 -396.803 94.545 6.250e+07 2
555 4.739076 -6.754009 -0.485699 108.296 80.978 1.495 6.250e+07 2
556 3.715022 3.062044 -0.372886 -103.362 114.265 2.397 6.250e+07 2
557 0.676698 0.129641 0.072922 -16.877 267.391 -4.897 6.250e+07 2
558 3.518532 11.096271 -0.010137 -116.065 34.113 0.028 6.250e+07 2
559 1.631252 2.773858 0.049703 -152.669 74.486 -0.929 6.250e+07 2
560 -0.271793 -0.412435 0.545441 -51.686 -436.053 -65.616 6.250e+07 2
561 6.012495 -4.824739 -0.163948 81.504 109.788 0.421 6.250e+07 2
562 -0.250780 0.427523 0.096582 -339.032 33.534 -22.308 6.250e+07 2
563 -0.411981 0.289391 -0.738320 -434.299 67.069 78.072 6.250e+07 2
564 0.692227 1.737047 0.214057 -185.243 57.741 -15.265 6.250e+07 2
565 5.839445 1.757888 0.195346 -46.810 139.191 -0.719 6.250e+07 2
566 7.816266 -7.320015 0.006874 84.035 92.373 0.157 6.250e+07 2
567 6.623128 -9.177439 -0.033783 97.429 73.824 -0.048 6.250e+07 2
568 0.391539 -0.707135 0.039261 232.019 102.086 7.106 6.250e+07 2
569 -4.201351 -1.544601 0.117081 61.991 -145.253 -2.573 6.250e+07 2
570 -3.304991 1.643512 -0.231716 -63.816 -151.686 3.617 6.250e+07 2
571 -2.128407 -9.655990 0.106923 124.894 -24.465 -0.121 6.250e+07 2
572 3.110661 -7.829021 -0.241915 123.000 53.411 0.183 6.250e+07 2
573 -1.675958 4.484675 0.286798 -144.072 -62.567 -3.423 6.250e+07 2
574 -3.095074 -0.682312 0.347725 49.535 -163.247 -10.564 6.250e+07 2
575 -2.270833 -1.307685 0.027028 103.437 -139.216 -1.999 6.250e+07 2
576 -0.160604 -0.513790 0.437939 217.082 -209.392 -59.529 6.250e+07 2
577 -1.180645 -4.279777 0.572148 153.855 -35.066 -3.507 6.250e+07 2
578 5.528947 3.584839 -0.165104 -81.162 116.406 0.615 6.250e+07 2
579 -0.607096 0.305615 -0.523340 -181.312 -198.613 64.929 6.250e+07 2
580 -0.479688 -0.265660 -0.398658 -335.829 -371.233 73.054 6.250e+07 2
581 -0.356185 2.553907 0.046590 -180.350 -38.216 4.480 6.250e+07 2
582 1.169720 0.687688 0.118982 -114.366 170.994 -7.531 6.250e+07 2
583 2.608821 0.616187 0.056018 -56.300 155.299 1.877 6.250e+07 2
584 6.054594 -2.361401 -0.037525 47.938 135.242 -0.490 6.250e+07 2
585 -0.574088 0.797494 -0.124248 -580.472 731.511 54.686 6.250e+07 2
586 -2.559212 7.544012 -0.036828 -127.647 -48.070 0.740 6.250e+07 2
587 0.433999 -3.663525 -0.122210 162.583 28.224 0.200 6.250e+07 2
588 2.548192 0.528299 0.113454 -45.873 172.835 -10.453 6.250e+07 2
589 -0.666687 1.196979 0.186726 -161.782 -113.091 -28.217 6.250e+07 2
590 3.710700 2.634069 1.024143 -95.371 124.574 -5.361 6.250e+07 2
591 -0.236333 -0.903398 -0.064605 226.850 -57.937 15.167 6.250e+07 2
592 -1.168134 -6.273301 0.018771 142.829 -20.802 -0.642 6.250e+07 2
593 -0.665026 1.399071 -0.422418 -182.741 -101.832 26.167 6.250e+07 2
594 -1.476075 -1.252535 -0.218518 132.121 -132.778 11.518 6.250e+07 2
595 -0.095774 0.788431 -0.219056 -161.913 732.580 73.388 6.250e+07 2
596 6.621588 -2.339941 -0.086009 41.729 133.645 0.190 6.250e+07 2
597 1.120891 -0.471612 -0.345305 82.348 205.952 22.764 6.250e+07 2
598 -0.095861 -0.470485 -0.267370 155.053 -382.498 66.436 6.250e+07 2
599 0.182418 -0.435778 -0.193365 323.109 -239.172 59.158 6.250e+07 2
600 0.348156 5.998342 0.015256 -146.781 2.273 -0.130 6.250e+07 2
601 -0.946236 -0.371718 1.054097 56.823 -220.882 -40.500 6.250e+07 2
602 1.681817 2.496129 0.352881 -148.105 88.942 -9.555 6.250e+07 2
603 2.119442 3.317386 0.640083 -142.243 80.489 -6.411 6.250e+07 2
604 -3.233691 -0.224325 -0.255760 24.615 -169.542 9.643 6.250e+07 2
605 0.919156 -0.171608 -0.111709 877.784 -111.240 40.153 6.250e+07 2
606 -1.505236 -3.281789 0.288423 156.432 -58.526 -3.829 6.250e+07 2
607 -6.674007 3.448105 -0.103923 -58.859 -124.532 0.290 6.250e+07 2
608 -7.298949 1.477500 -0.254140 -22.949 -136.509 0.646 6.250e+07 2
609 -7.415786 9.173091 -0.270832 -91.931 -77.687 0.125 6.250e+07 2
610 0.085125 0.469383 0.005984 -143.833 401.172 9.037 6.250e+07 2
611 -1.344965 -1.364389 -0.347818 140.065 -123.701 12.507 6.250e+07 2
612 -2.913942 5.296160 0.126558 -127.902 -74.427 0.776 6.250e+07 2
613 -1.392795 -0.928327 0.270096 117.226 -157.431 -21.876 6.250e+07 2
614 1.551104 -2.637582 0.316809 146.952 95.932 3.847 6.250e+07 2
615 5.624221 -7.898850 -0.495519 102.552 77.263 0.495 6.250e+07 2
616 -0.043052 0.466699 0.029222 -281.130 248.846 -4.121 6.250e+07 2
617 10.276533 -1.506085 -0.091870 15.238 124.362 0.041 6.250e+07 2
618 -0.742618 2.400732 0.045434 -171.112 -72.762 4.009 6.250e+07 2
619 0.126722 1.441528 0.039892 -217.374 -7.959 -2.510 6.250e+07 2
620 -0.861665 2.356161 0.108706 -154.077 -79.117 -7.894 6.250e+07 2
621 2.038770 2.293325 0.500888 -135.027 109.345 -9.429 6.250e+07 2
622 -0.413191 -3.003870 -0.087424 171.902 -12.641 2.777 6.250e+07 2
623 -1.065403 -0.420849 -0.084323 77.533 -200.474 14.743 6.250e+07 2
624 0.787701 1.518882 -0.099367 -178.275 80.951 21.683 6.250e+07 2
625 4.690552 4.233066 0.332569 -95.073 102.233 -1.322 6.250e+07 2
626 -6.237682 -0.233974 -0.360845 10.398 -144.446 0.966 6.250e+07 2
627 -0.063537 -5.515637 -0.021672 150.860 3.083 -0.279 6.250e+07 2
628 -0.945417 1.566335 0.136381 -151.220 -110.428 0.752 6.250e+07 2
629 7.397301 23.741079 0.096173 -87.736 26.106 -0.004 6.250e+07 2
630 9.151125 5.460013 -0.850808 -66.097 105.285 0.735 6.250e+07 2
631 -3.342110 -0.315310 -0.014570 32.092 -164.498 -1.677 6.250e+07 2
632 18.150739 -0.091582 -0.027662 -1.162 103.472 -0.008 6.250e+07 2
633 -3.052038 -0.578042 -0.329543 44.572 -162.242 9.818 6.250e+07 2
634 -2.094193 0.093503 -1.033633 -3.091 -185.631 20.179 6.250e+07 2
635 0.880404 1.645958 0.035384 -181.090 58.262 -11.107 6.250e+07 2
636 -2.166291 -0.662841 -0.041365 68.133 -175.325 5.826 6.250e+07 2
637 2.344876 2.642801 0.343763 -131.636 100.644 -3.740 6.250e+07 2
638 0.937969 -0.105489 -0.112087 27.001 224.598 16.116 6.250e+07 2
639 0.103968 -1.718195 -0.150900 200.806 25.101 15.030 6.250e+07 2
640 -0.972322 -0.979524 0.189240 158.544 -136.364 -12.274 6.250e+07 2
641 6.418767 2.584475 -0.893112 -57.008 129.555 2.859 6.250e+07 2
642 0.520676 -0.004037 -0.072520 125.291 274.847 22.240 6.250e+07 2
643 -0.115762 0.626253 -0.449780 -289.399 49.817 59.498 6.250e+07 2
644 -0.405224 0.462577 -0.083135 -458.650 361.578 45.397 6.250e+07 2
645 -0.757113 -0.158101 0.080313 -687.913 -221.851 -30.940 6.250e+07 2
646 3.828185 -4.956709 -1.559315 112.501 91.924 3.864 6.250e+07 2
647 11.850487 6.447136 0.227695 -57.033 99.874 -0.125 6.250e+07 2
648 -0.059676 2.912670 0.023266 -179.771 -19.795 1.767 6.250e+07 2
649 -0.829778 1.335896 -0.344841 -156.561 -119.313 20.379 6.250e+07 2
650 -2.141222 0.050904 0.001089 5.094 -188.406 2.425 6.250e+07 2
651 0.457811 -0.192865 0.304917 281.193 157.233 -43.952 6.250e+07 2
652 13.536756 1.500194 -0.598274 -16.421 114.273 2.338 6.250e+07 2
653 -6.732460 5.154804 0.157400 -77.475 -108.349 -0.165 6.250e+07 2
654 -3.253191 3.656956 -0.034776 -106.388 -104.395 1.961 6.250e+07 2
655 -0.873764 1.723395 0.267915 -169.628 -98.131 -9.364 6.250e+07 2
656 -9.066020 0.718145 -0.105849 -6.016 -130.990 0.489 6.250e+07 2
657 -0.067597 0.899156 0.084410 -250.076 -15.044 -6.487 6.250e+07 2
658 8.291105 -7.518954 0.065247 78.941 92.959 -0.258 6.250e+07 2
659 3.890140 -1.434877 -0.133968 46.800 155.219 2.898 6.250e+07 2
660 -2.444059 1.303878 -0.767971 -74.327 -160.361 11.569 6.250e+07 2
661 -1.025999 0.276777 0.921995 -75.358 -211.887 -41.257 6.250e+07 2
662 -0.270856 1.368146 0.203564 -208.076 -65.338 -21.399 6.250e+07 2
663 -1.727955 -1.251058 -0.169063 126.401 -136.804 8.029 6.250e+07 2
664 -2.803428 -0.350849 0.106719 35.903 -175.698 -2.033 6.250e+07 2
665 2.988969 -13.501283 -0.244607 111.134 26.845 0.017 6.250e+07 2
666 0.544938 0.086225 0.000556 47.670 285.757 5.084 6.250e+07 2
667 0.344056 0.546228 0.720870 -176.785 220.219 -57.917 6.250e+07 2
668 0.911094 -2.639013 -0.187996 160.897 66.509 7.118 6.250e+07 2
669 -3.455734 1.219115 0.664163 -3372.472 1186.011 -67.792 6.250e+07 2
670 -0.075948 -1.418295 0.227154 208.702 2.770 -19.669 6.250e+07 2
671 4.079120 1.729539 -0.730127 -67.696 143.526 4.632 6.250e+07 2
672 -0.525101 -1.439593 -0.091952 196.024 -45.218 2.544 6.250e+07 2
673 -4.528235 -2.038438 0.118292 70.140 -135.826 -1.240 6.250e+07 2
674 4.526891 -0.397650 -0.167118 4.868 156.039 1.366 6.250e+07 2
675 3.880704 -5.827424 0.165873 115.405 82.480 -1.392 6.250e+07 2
676 -5.517919 -2.553113 -1.126513 65.547 -130.510 2.842 6.250e+07 2
677 0.475243 -0.608967 0.292459 213.485 146.204 -42.441 6.250e+07 2
678 6.953033 2.322485 0.275891 -49.085 130.517 -0.826 6.250e+07 2
679 0.579591 -0.085739 -0.183360 535.357 52.380 76.116 6.250e+07 2
680 -0.366408 -0.279010 0.131981 -54.103 -361.700 -41.713 6.250e+07 2
681 -0.408346 -0.873729 0.271773 197.551 -97.791 -34.374 6.250e+07 2
682 7.497782 -11.645572 -0.043564 94.551 63.541 0.051 6.250e+07 2
683 27.203860 -1.362239 0.355898 3.330 88.157 -0.019 6.250e+07 2
684 -0.588844 -0.419118 -0.098902 119.406 -224.686 13.609 6.250e+07 2
685 3.042625 2.615595 -0.344202 -112.282 116.707 3.177 6.250e+07 2
686 0.676241 0.379975 0.074598 -115.495 235.472 -4.201 6.250e+07 2
687 0.427047 -0.221900 0.326917 425.000 18.475 -61.455 6.250e+07 2
688 -12.132557 -5.138958 0.701128 47.086 -106.487 -1.271 6.250e+07 2
689 7.107686 4.547403 0.044113 -71.006 107.961 -1.905 6.250e+07 2
690 1.342713 -2.278666 -0.022194 144.730 97.525 1.693 6.250e+07 2
691 6.656797 7.418455 0.119947 -96.478 82.130 -0.058 6.250e+07 2
692 0.750131 0.568711 -0.106269 -146.673 202.397 20.756 6.250e+07 2
693 -1.248053 0.450895 0.523697 -63.603 -199.243 -28.964 6.250e+07 2
694 0.215395 0.481089 -1.360896 -152.676 295.348 45.420 6.250e+07 2
695 1.771222 0.691271 -0.028732 -83.759 170.667 8.614 6.250e+07 2
696 -0.761549 -3.464721 -0.085768 164.183 -25.094 1.730 6.250e+07 2
697 0.592438 1.100960 0.202089 -198.400 94.492 -25.830 6.250e+07 2
698 4.294581 -4.367368 -0.401638 100.966 107.099 1.878 6.250e+07 2
699 10.582795 -3.408150 -0.305845 35.250 118.020 0.416 6.250e+07 2
700 11.331105 -2.975608 0.023463 27.688 117.169 -0.239 6.250e+07 2
701 5.951691 3.392474 -0.450129 -74.762 120.624 2.316 6.250e+07 2
702 -0.370669 0.516429 -0.015663 -264.566 -90.050 -4.291 6.250e+07 2
703 0.235487 0.522700 -0.092343 -216.386 211.800 46.773 6.250e+07 2
704 -0.632025 1.312643 0.081900 -178.726 -116.470 -2.304 6.250e+07 2
705 -4.534844 0.769148 0.416505 -17.832 -155.148 -2.526 6.250e+07 2
706 3.661002 -2.517351 -0.019788 82.646 129.449 -2.042 6.250e+07 2
707 0.376012 0.338358 -0.061526 200.347 418.923 46.099 6.250e+07 2
708 1.413477 -0.747793 -0.265550 85.402 190.524 18.648 6.250e+07 2
709 -0.365200 0.294199 -0.039620 -395.098 28.359 25.767 6.250e+07 2
710 0.468955 -2.112476 0.171779 183.459 53.510 -15.911 6.250e+07 2
711 0.536225 -0.437850 0.371490 185.778 180.333 -66.288 6.250e+07 2
712 0.346931 -0.371108 -0.113772 415.800 -189.965 26.711 6.250e+07 2
713 -4.783702 2.208528 -0.594171 -57.549 -139.447 2.427 6.250e+07 2
714 -2.351443 2.502019 0.112424 -113.234 -119.736 -2.895 6.250e+07 2
715 -0.300856 3.134319 0.358975 -172.130 -29.383 -9.093 6.250e+07 2
716 -1.585446 0.836535 -0.197642 -69.934 -182.998 9.348 6.250e+07 2
717 -0.525398 -0.028404 -0.119880 -119.963 -288.735 33.350 6.250e+07 2
718 -2.640528 -0.349309 0.394956 36.357 -176.738 -13.057 6.250e+07 2
719 0.245659 4.451550 0.127623 -157.844 1.086 -1.199 6.250e+07 2
720 -8.441476 -3.444765 0.112799 53.140 -119.636 0.017 6.250e+07 2
721 0.438474 -0.607497 1.056459 242.407 91.595 -47.565 6.250e+07 2
722 -0.803001 -1.321976 -0.430950 177.575 -95.823 24.643 6.250e+07 2
723 -2.633948 0.685177 -0.086389 -31.238 -174.325 0.141 6.250e+07 2
724 7.279200 6.207968 0.733237 -85.962 95.689 -0.818 6.250e+07 2
725 -2.908548 1.157008 -0.029067 -52.601 -162.561 0.206 6.250e+07 2
726 0.861306 -2.575891 0.110672 159.571 66.687 -6.833 6.250e+07 2
727 14.774390 -12.071631 -0.010373 63.028 79.594 0.006 6.250e+07 2
728 1.679671 3.770627 0.175690 -150.461 56.043 -1.533 6.250e+07 2
729 1.467957 -0.654488 -0.097861 71.080 197.124 3.698 6.250e+07 2
730 -0.390885 0.583604 -0.131492 -238.290 -117.590 45.047 6.250e+07 2
731 -0.589221 0.258312 -0.524014 -589.853 149.899 86.475 6.250e+07 2
732 -1.234432 -0.399536 0.244270 -1175.977 -411.261 -48.195 6.250e+07 2
733 -6.183689 -9.872545 0.882939 103.832 -62.049 -0.377 6.250e+07 2
734 -1.124877 -0.725830 -0.455133 112.620 -171.880 32.052 6.250e+07 2
735 -0.049074 1.238059 0.085806 -219.802 -24.333 -12.036 6.250e+07 2
736 0.606122 -0.269598 0.536455 600.528 -164.591 -83.144 6.250e+07 2
737 -1.315403 1.499558 0.149989 -125.317 -137.958 -4.105 6.250e+07 2
738 1.680501 -5.554649 0.311115 140.230 48.230 -1.779 6.250e+07 2
739 -0.351061 -0.300522 -0.031184 -49.825 -366.254 22.660 6.250e+07 2
740 -0.507786 -0.036415 0.649980 -390.718 -224.829 -83.439 6.250e+07 2
741 8.903717 -4.534308 0.364894 54.695 114.518 -0.592 6.250e+07 2
742 0.420567 -6.615020 -0.305855 141.178 14.792 2.135 6.250e+07 2
743 -7.603545 -27.176308 -0.766040 84.004 -22.446 0.038 6.250e+07 2
744 1.716125 0.796401 0.263614 -95.149 165.306 -8.902 6.250e+07 2
745 -2.093760 -3.006156 -0.698180 140.022 -86.734 5.705 6.250e+07 2
746 -5.700504 -3.769185 0.107666 81.749 -114.723 -0.013 6.250e+07 2
747 -3.757075 0.730444 -0.070954 -20.317 -163.750 3.329 6.250e+07 2
748 -0.286022 -2.451297 0.194628 180.749 -8.382 -8.387 6.250e+07 2
749 0.856172 -0.032452 0.333475 22.877 247.686 -35.067 6.250e+07 2
750 -0.869509 2.122430 0.015824 -159.193 -81.616 0.941 6.250e+07 2
751 -0.434532 0.879669 1.507646 -225.389 -64.366 -36.171 6.250e+07 2
752 2.265244 0.009201 0.821331 -0.901 187.914 -19.250 6.250e+07 2
753 -0.018536 -1.010457 0.295433 227.342 -1.490 -34.987 6.250e+07 2
754 0.488991 1.106954 -0.081352 -202.424 84.066 16.257 6.250e+07 2
755 -0.208170 2.550046 -0.541955 -178.672 -25.968 13.330 6.250e+07 2
756 -0.726551 0.332627 -0.400849 -121.021 -212.067 50.802 6.250e+07 2
757 -0.349608 -0.517657 0.212596 -214.503 -535.607 -56.075 6.250e+07 2
758 0.665056 -0.538783 0.578223 665.003 -463.250 -85.767 6.250e+07 2
759 -1.703881 -0.829292 -0.066232 90.163 -161.285 4.365 6.250e+07 2
760 -1.142525 1.086732 -0.158682 -123.985 -158.940 12.978 6.250e+07 2
761 0.550529 0.472008 0.102109 -148.786 216.789 -14.833 6.250e+07 2
762 -0.462148 -0.127056 0.546598 -177.614 -310.428 -64.876 6.250e+07 2
763 2.216574 0.104518 -0.437314 -18.316 184.296 14.359 6.250e+07 2
764 -1.474049 0.734647 -0.145211 -74.545 -181.828 4.793 6.250e+07 2
765 0.261852 -0.400129 0.662233 341.755 -71.364 -79.845 6.250e+07 2
766 2.057330 -1.000717 0.035275 71.007 169.259 -0.496 6.250e+07 2
767 1.189710 -0.468417 0.179965 66.083 203.049 -18.363 6.250e+07 2
768 -0.728668 1.356560 0.046011 -157.088 -120.255 5.282 6.250e+07 2
769 -1.441139 -1.009309 0.111612 119.939 -148.376 -6.501 6.250e+07 2
770 4.038502 -2.590805 0.162566 75.808 132.885 -2.285 6.250e+07 2
771 0.509975 -0.236454 -0.201349 214.425 210.002 48.430 6.250e+07 2
772 3.607036 -2.678880 -0.266361 88.629 130.646 5.723 6.250e+07 2
773 -0.070962 1.052206 -0.056275 -228.024 -23.165 12.896 6.250e+07 2
774 -0.736663 1.229321 -0.615107 -172.722 -110.419 36.210 6.250e+07 2
775 0.084813 1.206710 0.148218 -235.079 5.477 -20.828 6.250e+07 2
776 1.352090 5.680034 -0.653494 -146.622 28.850 2.564 6.250e+07 2
777 -0.786937 -1.859299 -0.164633 175.187 -55.322 1.696 6.250e+07 2
778 4.248739 5.631490 -0.269916 -114.884 80.562 0.696 6.250e+07 2
779 0.403418 -0.553923 0.134173 242.642 112.885 -12.011 6.250e+07 2
780 -3.277844 2.057586 0.206328 -77.770 -142.261 -2.999 6.250e+07 2
781 -0.134770 0.480476 0.965283 -300.461 309.760 -63.617 6.250e+07 2
782 -0.278485 0.475255 0.330348 -310.802 -14.289 -72.421 6.250e+07 2
783 -1.836097 -2.212831 0.190786 140.197 -99.523 -6.831 6.250e+07 2
784 -0.813162 0.096421 0.637324 -59.288 -236.496 -48.135 6.250e+07 2
785 15.975221 4.724629 -0.130996 -32.030 101.810 0.017 6.250e+07 2
786 2.931680 -5.781169 -0.212452 128.944 68.877 -0.858 6.250e+07 2
787 1.089874 -0.493841 -0.442219 1062.393 -442.883 82.330 6.250e+07 2
788 -3.041177 -0.725427 0.122093 53.049 -158.362 1.486 6.250e+07 2
789 6.410494 -3.168467 -0.224504 57.710 128.097 0.504 6.250e+07 2
790 0.439251 -0.422419 0.308105 260.158 141.275 -44.656 6.250e+07 2
791 5.428592 2.597707 0.422108 -67.955 130.175 -1.702 6.250e+07 2
792 4.728333 2.690546 0.407972 -79.145 128.173 -2.061 6.250e+07 2
793 1.036823 -1.222609 0.113317 140.504 140.372 -7.606 6.250e+07 2
794 -2.017292 3.927995 0.241445 -139.117 -79.355 -3.399 6.250e+07 2
795 2.153855 2.235475 -0.243553 -131.144 112.417 6.234 6.250e+07 2
796 -1.969699 -1.861493 -0.314859 129.125 -117.851 9.415 6.250e+07 2
797 2.346599 -0.477544 0.166666 25.610 180.351 -5.872 6.250e+07 2
798 2.317289 -0.626656 -0.207038 37.294 178.450 8.892 6.250e+07 2
799 1.112506 2.110431 -0.160665 -166.813 71.665 6.207 6.250e+07 2
800 3.674786 -0.332127 0.160026 -2.613 164.376 -2.968 6.250e+07 2
801 3.726039 -1.233447 0.158949 42.186 164.179 -9.168 6.250e+07 2
802 -1.077900 -1.625683 0.277977 164.395 -89.476 -12.855 6.250e+07 2
803 2.026250 1.746963 0.275483 -123.960 129.684 -5.846 6.250e+07 2
804 -0.386113 -0.337629 0.554226 -186.648 -416.288 -73.480 6.250e+07 2
805 -4.259410 -0.003259 -0.119746 10.411 -158.267 1.400 6.250e+07 2
806 -1.906641 0.339016 0.318163 -20.905 -192.490 -12.946 6.250e+07 2
807 -7.462749 -3.600158 -0.161446 61.499 -118.899 1.493 6.250e+07 2
808 -0.642045 0.222894 0.148231 -618.951 122.448 -49.394 6.250e+07 2
809 10.406692 5.278973 -0.283260 -57.124 106.629 0.082 6.250e+07 2
810 0.512669 -2.089982 0.070293 174.835 55.525 4.591 6.250e+07 2
811 2.095136 -2.675981 0.209741 126.418 109.484 -2.346 6.250e+07 2
812 -2.752910 -3.762154 -0.644851 129.367 -86.808 3.770 6.250e+07 2
813 -3.085076 5.465244 0.227392 -120.909 -78.788 -2.611 6.250e+07 2
814 -3.178091 -2.000279 -0.861070 93.860 -133.919 6.695 6.250e+07 2
815 0.414543 0.900927 0.256699 -218.247 104.447 -29.279 6.250e+07 2
816 -0.473118 -1.244814 -0.094386 205.383 -64.674 7.816 6.250e+07 2
817 1.377595 0.495844 -0.062602 -84.938 193.502 12.582 6.250e+07 2
818 1.214043 -0.078509 0.319188 1163.642 -45.909 -58.153 6.250e+07 2
819 -2.678606 3.386017 -0.103294 -118.395 -105.295 3.433 6.250e+07 2
820 -2.569022 9.982075 0.496748 -120.966 -34.374 -0.342 6.250e+07 2
821 0.214344 -0.622422 0.015802 256.271 44.235 1.467 6.250e+07 2
822 0.075577 0.806259 -0.952075 -245.403 89.776 54.352 6.250e+07 2
823 1.105336 0.181039 0.157256 -44.276 217.932 -8.211 6.250e+07 2
824 -2.050840 -5.943547 0.030818 -2002.240 -5807.982 -17.429 6.250e+07 2
825 -5.466992 4.814289 0.202843 -87.882 -111.349 -3.474 6.250e+07 2
826 -0.184674 -0.649154 -0.191049 246.300 -103.736 43.454 6.250e+07 2
827 -2.579952 5.398263 -0.628722 -130.242 -69.179 2.905 6.250e+07 2
828 2.861514 2.079914 -0.574832 -105.108 131.336 6.932 6.250e+07 2
829 0.146938 -2.491866 0.274793 153.516 -2425.122 -43.008 6.250e+07 2
830 8.927591 0.262882 -0.126563 -8.564 130.251 -0.417 6.250e+07 2
831 0.443473 -0.914174 0.146189 204.366 119.322 -28.348 6.250e+07 2
832 -1.410549 1.222362 0.157311 -108.293 -154.834 -8.831 6.250e+07 2
833 -7.416926 -1.293117 -0.632219 27.637 -135.122 1.209 6.250e+07 2
834 -0.120426 -3.019629 0.189301 171.904 4.871 -4.236 6.250e+07 2
835 0.307678 -2.682877 0.283936 306.490 -2607.055 -46.250 6.250e+07 2
836 -0.151758 -0.502499 0.582355 22.755 -468.997 -77.989 6.250e+07 2
837 -0.807950 0.129528 0.150903 -49.554 -228.747 -21.255 6.250e+07 2
838 0.056084 2.473932 -1.314127 -180.491 0.189 17.144 6.250e+07 2
839 1.821748 -0.052486 0.170834 -10.061 197.983 -8.545 6.250e+07 2
840 -2.529183 -0.997071 0.654995 75.559 -156.981 -13.355 6.250e+07 2
841 -2.730073 -0.311084 -0.311523 30.821 -175.128 10.921 6.250e+07 2
842 -1.187164 0.458841 -0.140475 -55.949 -203.953 13.673 6.250e+07 2
843 -6.069445 1.637523 -0.064351 -31.783 -140.432 1.475 6.250e+07 2
844 -0.065312 0.640809 -0.096813 -280.270 49.030 32.656 6.250e+07 2
845 -2.194834 0.570822 -0.452697 -32.916 -180.115 12.560 6.250e+07 2
846 -0.508181 -1.341008 -0.399341 191.706 -63.702 27.918 6.250e+07 2
847 0.763922 0.763423 -0.293085 -162.727 167.431 34.417 6.250e+07 2
848 -1.131374 -0.713852 0.562748 -1075.368 -707.819 -76.220 6.250e+07 2
849 6.265105 3.313354 0.629591 -69.997 121.666 -1.789 6.250e+07 2
850 -0.362934 7.937704 -0.508906 -135.623 -10.646 1.059 6.250e+07 2
851 -1.211255 -0.368962 -0.133434 79.935 -200.621 20.796 6.250e+07 2
852 -3.915740 6.618044 0.325267 -114.925 -72.634 -2.114 6.250e+07 2
853 -1.232588 -0.299620 -0.070576 67.173 -222.255 -2.729 6.250e+07 2
854 -0.801544 -7.872214 -0.080479 135.965 -9.535 -0.007 6.250e+07 2
855 -0.703991 -1.003608 0.148067 185.138 -107.976 -9.116 6.250e+07 2
856 -1.699620 0.498473 -0.707637 -48.265 -187.362 22.623 6.250e+07 2
857 -0.332264 2.066195 0.297448 -191.878 -42.840 -16.396 6.250e+07 2
858 -0.230999 1.233737 0.018067 -209.124 -57.543 8.761 6.250e+07 2
859 -2.278459 -0.557886 0.318490 58.788 -175.568 -11.176 6.250e+07 2
860 1.965879 -1.253552 0.124711 88.971 164.632 -4.319 6.250e+07 2
861 1.204398 -4.472440 -0.344188 150.288 47.585 2.394 6.250e+07 2
862 0.555651 -0.350882 0.256816 160.152 191.149 -21.284 6.250e+07 2
863 1.053599 0.863825 -0.486109 -141.638 163.437 29.840 6.250e+07 2
864 -2.125027 -0.968301 0.269482 89.358 -155.054 -12.626 6.250e+07 2
865 3.578191 -2.664784 -0.685339 89.872 129.776 7.894 6.250e+07 2
866 -1.758894 1.373962 0.014688 -97.937 -156.040 -0.435 6.250e+07 2
867 -0.563020 0.422807 0.149933 -181.545 -181.465 -35.267 6.250e+07 2
868 0.442374 -6.146406 0.078119 145.064 16.200 -1.845 6.250e+07 2
869 -0.252219 0.613666 -0.578515 -274.557 -18.935 69.235 6.250e+07 2
870 -0.164068 2.689543 0.110637 -183.496 -24.347 -3.805 6.250e+07 2
871 0.064621 0.681984 -0.098574 -270.854 75.121 27.327 6.250e+07 2
872 -0.296740 10.473481 0.043074 -124.923 -6.594 0.018 6.250e+07 2
873 -13.708954 6.076667 0.455373 -43.043 -101.934 -0.130 6.250e+07 2
874 -1.664762 3.248523 -0.071329 -142.916 -84.306 1.022 6.250e+07 2
875 -1.097411 -2.491816 -0.035302 166.229 -59.341 0.140 6.250e+07 2
876 0.839561 -1.696600 -1.727836 173.122 80.900 18.116 6.250e+07 2
877 0.620917 -1.718015 -0.716982 176.701 75.988 20.512 6.250e+07 2
878 1.699944 -0.151456 -0.075292 1.051 198.160 9.834 6.250e+07 2
879 -5.325015 -3.116224 0.267958 77.419 -122.651 -0.738 6.250e+07 2
880 1.190724 3.986706 0.133246 -154.665 37.229 -0.930 6.250e+07 2
881 -3.224071 -0.012592 -0.018939 12.588 -175.030 -1.043 6.250e+07 2
882 0.590979 -0.224867 0.193103 574.084 -108.959 -34.224 6.250e+07 2
883 -0.462269 0.893693 -0.259726 -480.410 827.220 75.257 6.250e+07 2
884 -3.534031 -6.467030 -0.043933 124.205 -62.998 -0.308 6.250e+07 2
885 0.511642 -0.077868 0.025336 177.068 261.177 -10.549 6.250e+07 2
886 4.542451 -5.338317 0.208814 103.463 93.383 -3.078 6.250e+07 2
887 4.394678 -3.734808 -0.070472 90.819 115.901 -0.338 6.250e+07 2
888 -12.586544 7.523599 0.198508 -55.715 -96.740 -0.080 6.250e+07 2
889 4.618884 -3.819141 -0.661322 88.784 116.172 3.365 6.250e+07 2
890 3.042468 0.293185 -0.001800 -29.208 170.821 -5.668 6.250e+07 2
891 -1.414212 -0.246468 -0.216282 54.611 -208.500 18.945 6.250e+07 2
892 -7.315723 -7.195818 0.094724 90.313 -87.602 -0.001 6.250e+07 2
893 0.110078 -0.497030 -0.274139 258.980 -365.795 83.223 6.250e+07 2
894 -0.119039 -0.497240 0.245231 226.010 -231.847 -62.943 6.250e+07 2
895 -2.277093 3.041987 0.209120 -127.894 -104.268 -5.092 6.250e+07 2
896 -0.538286 4.942074 0.199543 -151.858 -23.718 -2.155 6.250e+07 2
897 0.514886 -0.378805 0.308947 200.587 172.278 -44.559 6.250e+07 2
898 0.042040 -1.547710 0.215514 197.655 24.767 -15.103 6.250e+07 2
899 0.498920 -0.854165 0.047143 188.842 134.524 3.854 6.250e+07 2
900 -0.010501 1.324940 -0.014425 -217.879 -26.968 13.954 6.250e+07 2
901 0.888246 -0.537433 0.332007 864.610 -475.083 -65.227 6.250e+07 2
902 -1.489930 -0.009088 0.496304 -1437.763 -30.132 -65.359 6.250e+07 2
903 -2.286442 2.386783 -1.346644 -117.607 -120.097 10.662 6.250e+07 2
904 1.139936 -0.610864 0.087554 93.119 203.218 -5.326 6.250e+07 2
905 2.655414 -2.383778 -0.042383 105.102 125.913 2.035 6.250e+07 2
906 2.633232 4.746151 0.108347 -136.233 67.551 -0.516 6.250e+07 2
907 1.649106 -1.616122 0.081021 119.140 142.228 -1.467 6.250e+07 2
908 -28.082743 -0.538529 -0.355154 2.696 -87.064 0.021 6.250e+07 2
909 4.305543 -2.633205 0.555498 73.217 133.288 -5.083 6.250e+07 2
910 0.467705 0.014980 -0.192908 229.734 260.998 59.748 6.250e+07 2
911 -8.658782 -0.397750 0.145135 10.150 -131.284 -0.307 6.250e+07 2
912 -1.006001 -0.574497 0.150179 109.411 -182.988 -20.069 6.250e+07 2
913 -0.565341 -0.596249 -0.334969 163.491 -180.205 43.408 6.250e+07 2
914 -1.085181 -0.430744 -0.009368 86.737 -199.806 -11.276 6.250e+07 2
915 1.772324 -3.388416 -0.069192 140.224 83.363 -0.195 6.250e+07 2
916 2.380537 -0.899962 0.129416 51.249 172.245 -5.279 6.250e+07 2
917 -1.487560 -1.153851 -0.048219 125.795 -137.714 0.376 6.250e+07 2
918 -0.024336 1.028531 0.544653 -234.225 6.250 -47.742 6.250e+07 2
919 0.377904 -2.541134 0.220483 174.876 36.891 -5.907 6.250e+07 2
920 3.273589 5.162846 0.050299 -126.752 73.138 -0.042 6.250e+07 2
921 0.729746 -1.079358 1.290475 183.634 107.879 -29.747 6.250e+07 2
922 6.134553 2.329342 -0.003491 -55.681 132.194 0.504 6.250e+07 2
923 0.554443 13.876758 -0.209924 -113.862 2.426 0.115 6.250e+07 2
924 3.464506 -1.160614 -0.244172 47.043 159.490 5.420 6.250e+07 2
925 1.748368 -4.751354 -0.125189 141.715 59.523 0.440 6.250e+07 2
926 -0.318187 0.645051 0.015418 -247.169 -89.318 -0.840 6.250e+07 2
927 -0.814039 4.282284 0.125030 -154.953 -37.650 -1.467 6.250e+07 2
928 0.629127 -2.566494 -0.006719 172.301 55.051 2.363 6.250e+07 2
929 0.444997 -1.773557 -0.101672 181.895 60.161 6.087 6.250e+07 2
930 0.682485 0.170985 -0.038789 600.876 242.659 11.210 6.250e+07 2
931 -1.051202 0.384414 -0.103520 -58.572 -206.848 16.126 6.250e+07 2
932 -2.472732 3.564144 0.470083 -127.241 -94.975 -7.383 6.250e+07 2
933 1.223117 3.018920 -0.468955 -158.776 51.909 8.124 6.250e+07 2
934 5.356505 -2.048769 -0.444948 47.160 140.189 1.901 6.250e+07 2
935 0.540555 0.301193 -0.644177 -49.722 282.180 59.840 6.250e+07 2
936 -0.542688 -0.204436 -0.006816 -437.401 -310.600 12.081 6.250e+07 2
937 3.572944 -0.317010 0.156165 15.716 162.760 -2.591 6.250e+07 2
938 1.533263 -0.485899 0.035538 46.800 197.356 -11.109 6.250e+07 2
939 -0.760944 0.478478 0.167771 -125.237 -191.121 -24.020 6.250e+07 2
940 0.540666 -0.415961 -0.112484 192.709 184.632 25.873 6.250e+07 2
941 -1.228833 -1.080980 1.115925 128.513 -146.897 -27.948 6.250e+07 2
942 -0.960082 0.367230 -0.050549 -77.975 -209.070 9.393 6.250e+07 2
943 1.270183 -5.989846 -0.933828 141.769 34.949 2.856 6.250e+07 2
944 1.442774 -0.243451 -0.419536 23.188 201.599 24.157 6.250e+07 2
945 -6.725190 -5.363622 0.496924 85.359 -101.339 -0.496 6.250e+07 2
946 -5.600949 -2.337514 0.568788 61.027 -133.248 -1.756 6.250e+07 2
947 1.513929 -0.190237 0.068171 15.270 202.294 -5.369 6.250e+07 2
948 -0.442572 6.501194 0.247272 -142.373 -14.907 -0.931 6.250e+07 2
949 -2.247349 -0.281067 0.490684 32.845 -185.085 -17.398 6.250e+07 2
950 -0.735404 -3.050514 -0.923153 167.333 -32.461 9.277 6.250e+07 2
951 0.255874 -3.884023 -0.306521 163.589 20.672 3.756 6.250e+07 2
952 2.260871 -1.165908 -0.140760 2202.655 -1127.387 51.096 6.250e+07 2
953 2.496867 -6.697271 -0.570230 130.032 53.428 1.736 6.250e+07 2
954 0.847542 4.717360 -0.096669 -154.290 20.325 1.029 6.250e+07 2
955 4.430183 0.988737 0.063597 -41.026 151.677 -0.651 6.250e+07 2
956 1.197434 9.355714 0.090205 -128.791 13.064 -0.058 6.250e+07 2
957 1.613968 -3.251472 -0.408941 144.842 80.117 6.241 6.250e+07 2
958 0.116107 1.187488 0.700133 -222.790 24.988 -41.225 6.250e+07 2
959 -0.021746 0.805202 0.197391 -265.350 20.767 -34.172 6.250e+07 2
960 -0.095401 0.793364 -0.435385 -257.600 1.642 52.976 6.250e+07 2
961 2.922633 -0.478533 -0.189301 15.712 174.519 6.666 6.250e+07 2
962 -2.229392 0.963704 -0.266901 -56.045 -175.897 6.482 6.250e+07 2
963 5.971382 -12.331226 0.119307 102.286 51.981 -0.076 6.250e+07 2
964 0.418591 0.240391 0.580127 213.338 361.214 -78.078 6.250e+07 2
965 -0.882052 0.749224 0.140579 -123.873 -167.169 -23.749 6.250e+07 2
966 6.523824 1.080290 0.118049 -28.210 141.019 -0.190 6.250e+07 2
967 -0.165165 -0.445324 0.632870 79.279 -401.993 -85.433 6.250e+07 2
968 -0.125406 -1.241031 0.032880 209.437 -6.395 -2.475 6.250e+07 2
969 0.816891 1.057959 -0.283108 -179.788 124.897 24.979 6.250e+07 2
970 0.131220 0.458741 0.029711 -111.589 413.250 -14.304 6.250e+07 2
971 -1.358832 -2.586875 0.394159 158.519 -71.685 -8.504 6.250e+07 2
972 -2.050018 -2.267123 -0.035538 137.287 -102.965 0.549 6.250e+07 2
973 0.252733 0.409617 -0.510677 -93.066 343.658 69.988 6.250e+07 2
974 -0.940777 0.768194 0.088332 -106.345 -177.075 -0.907 6.250e+07 2
975 -2.924941 -11.083283 0.846461 118.200 -28.382 -0.538 6.250e+07 2
976 -2.164023 4.576617 -0.363504 -135.830 -73.595 2.568 6.250e+07 2
977 -0.450536 -0.245988 0.024361 12.794 -307.901 -8.576 6.250e+07 2
978 0.264568 0.403917 -0.485637 -67.909 365.042 57.932 6.250e+07 2
979 -0.745782 -3.376911 0.401737 164.328 -26.238 -6.356 6.250e+07 2
980 -0.380405 0.363564 0.212469 -294.533 -91.208 -48.156 6.250e+07 2
981 -1.243295 0.934808 0.065894 -102.859 -171.373 -7.089 6.250e+07 2
982 0.495149 0.417962 0.305119 -126.508 246.986 -51.409 6.250e+07 2
983 -0.246511 0.861550 0.313110 -231.133 -52.467 -48.417 6.250e+07 2
984 -4.266529 -1.695820 -0.216489 65.240 -141.908 3.958 6.250e+07 2
985 -4.649700 3.479399 0.619984 -82.752 -119.330 -3.386 6.250e+07 2
986 -1.095955 -5.615512 -0.102063 146.569 -23.846 0.083 6.250e+07 2
987 0.420053 0.951314 0.479357 -213.373 101.909 -44.247 6.250e+07 2
988 0.036181 0.987933 -0.186123 -239.122 16.383 30.048 6.250e+07 2
989 8.564853 0.016343 -0.255664 -2.773 134.272 0.919 6.250e+07 2
990 0.638641 0.767029 0.031875 -197.852 150.639 -12.838 6.250e+07 2
991 0.471624 0.009928 -0.312355 340.424 220.219 91.124 6.250e+07 2
992 7.342439 1.162022 0.063213 -26.584 136.491 -0.501 6.250e+07 2
993 0.057889 -0.544294 0.010334 269.379 -70.931 -17.253 6.250e+07 2
994 0.862919 5.800399 -0.664145 -146.046 15.700 2.881 6.250e+07 2
995 -0.056616 -0.557569 0.127270 80.101 -506.232 -40.284 6.250e+07 2
996 0.501894 -0.221554 -0.284080 504.874 -61.373 92.428 6.250e+07 2
997 0.500022 -0.993037 -0.383510 208.648 95.872 34.036 6.250e+07 2
998 -2.768260 3.923104 0.338454 -121.332 -84.078 -12.412 6.250e+07 2
999 1.021279 -0.407948 0.006543 79.543 213.459 0.692 6.250e+07 2
