# MOND N-body snapshot at t = 1.401 Gyr
# id x(kpc) y(kpc) z(kpc) vx(km/s) vy(km/s) vz(km/s) mass(M_sun) type
0 5.357603 33.552816 37.013253 -82.614 172.700 24.276 5.000e+07 1
1 9.389773 31.587524 37.517288 252.542 -41.892 133.836 5.000e+07 1
2 23.789691 -17.237374 14.937155 -4.628 64.323 39.479 5.000e+07 1
3 4.885379 32.154931 37.478546 121.034 85.248 96.623 5.000e+07 1
4 1.741906 35.367923 36.839432 -97.722 264.951 143.573 5.000e+07 1
5 4.159246 33.894599 35.078778 124.654 146.733 -6.098 5.000e+07 1
6 -0.793520 29.405888 44.924500 60.332 68.579 -7.495 5.000e+07 1
7 22.079802 27.902575 28.841164 15.523 41.528 77.569 5.000e+07 1
8 5.086629 36.448789 37.292457 -35.626 202.412 131.068 5.000e+07 1
9 5.026551 31.605156 37.908652 -25.642 153.595 70.403 5.000e+07 1
10 2.265892 31.247884 36.662983 -18.425 -139.389 -71.195 5.000e+07 1
11 -5.124308 40.149520 39.297042 -147.740 33.661 71.734 5.000e+07 1
12 4.518841 34.462374 36.256801 48.755 -7.139 -283.653 5.000e+07 1
13 2.681055 32.590398 37.407141 -16.339 -126.098 121.921 5.000e+07 1
14 -19.779952 2.123402 24.443020 77.652 95.881 65.439 5.000e+07 1
15 0.942812 34.004744 37.774892 1.746 -24.776 123.323 5.000e+07 1
16 4.930543 33.844016 35.134190 25.904 238.308 221.689 5.000e+07 1
17 -2.009769 29.993357 35.717387 -115.045 -78.874 -151.556 5.000e+07 1
18 3.732375 34.254200 36.114905 206.574 43.861 -127.881 5.000e+07 1
19 4.193525 32.229670 38.931786 45.706 12.650 -26.320 5.000e+07 1
20 1.843693 36.170038 37.106030 93.815 -16.867 183.094 5.000e+07 1
21 3.866289 34.637999 38.722574 -103.529 95.205 159.862 5.000e+07 1
22 7.112877 32.278018 38.709822 53.622 58.607 25.739 5.000e+07 1
23 6.918300 33.164621 38.642988 159.270 193.886 36.747 5.000e+07 1
24 3.844420 34.597056 37.378994 -185.386 244.355 46.092 5.000e+07 1
25 2.384340 34.052830 35.542596 -84.642 184.191 123.687 5.000e+07 1
26 7.679583 63.075132 57.444293 -6.567 10.990 45.391 5.000e+07 1
27 4.611097 32.694917 36.703417 150.457 -129.439 -15.112 5.000e+07 1
28 4.577451 32.781247 34.393207 13.181 -154.991 221.625 5.000e+07 1
29 2.733965 30.994277 36.246646 168.743 131.248 -12.034 5.000e+07 1
30 7.955715 32.666326 36.976149 -77.862 80.153 -99.517 5.000e+07 1
31 2.560022 38.167852 36.575221 51.696 80.456 123.990 5.000e+07 1
32 3.465032 33.560934 39.141293 16.430 -36.127 205.963 5.000e+07 1
33 3.668434 32.692531 36.471931 12.170 -132.243 64.786 5.000e+07 1
34 1.733985 35.708911 38.850237 -84.933 7.661 -46.081 5.000e+07 1
35 8.116925 34.964740 39.511515 199.240 183.695 73.227 5.000e+07 1
36 6.095421 36.728954 37.188241 160.585 21.274 30.417 5.000e+07 1
37 10.167972 43.560249 45.583750 35.434 91.610 177.850 5.000e+07 1
38 4.174454 32.620838 35.499589 -35.542 159.039 -146.008 5.000e+07 1
39 9.075802 33.159391 37.977408 27.484 224.450 88.648 5.000e+07 1
40 2.585563 35.396368 35.450278 -89.262 -13.475 -45.659 5.000e+07 1
41 5.371697 32.639562 38.557714 -127.555 179.963 233.373 5.000e+07 1
42 0.369969 30.799000 36.093925 134.260 32.066 81.809 5.000e+07 1
43 -92.886429 47.851301 45.094895 39.834 32.424 28.269 5.000e+07 1
44 27.330202 37.698284 68.866810 4.131 10.162 22.825 5.000e+07 1
45 4.265647 37.570017 36.599410 -217.327 54.928 160.599 5.000e+07 1
46 4.594634 33.542110 37.032425 99.421 25.598 -86.547 5.000e+07 1
47 6.067341 32.255286 37.632094 248.195 75.506 -45.624 5.000e+07 1
48 6.047770 34.994458 39.753627 -22.934 85.772 121.969 5.000e+07 1
49 5.621994 33.660756 37.166938 -1.172 39.264 -79.883 5.000e+07 1
50 3.547561 35.172719 36.169943 -61.032 -106.840 -14.922 5.000e+07 1
51 4.160329 32.513839 36.760924 236.736 129.970 -104.333 5.000e+07 1
52 6.045422 33.515976 37.627947 91.903 91.680 450.278 5.000e+07 1
53 -81.162910 71.765918 -22.256603 -115.519 106.134 -45.771 5.000e+07 1
54 12.998253 30.041535 36.532262 69.767 180.303 37.878 5.000e+07 1
55 6.823261 30.914287 36.528423 47.716 38.020 -27.237 5.000e+07 1
56 5.009033 33.284447 37.450384 11.056 144.215 -131.950 5.000e+07 1
57 4.267266 33.417909 37.280979 -47.164 -139.675 -143.023 5.000e+07 1
58 5.506549 35.760285 36.760816 -82.688 -227.312 138.381 5.000e+07 1
59 3.063917 34.582256 37.937662 -46.472 -18.747 -11.433 5.000e+07 1
60 4.018295 38.987465 32.565207 0.423 -70.633 13.349 5.000e+07 1
61 5.215745 33.420383 35.836383 -10.843 113.112 163.342 5.000e+07 1
62 5.353085 34.387795 36.339809 55.571 -65.712 -38.467 5.000e+07 1
63 6.601008 37.874311 38.324085 -115.502 -24.505 47.011 5.000e+07 1
64 3.837444 27.855371 33.949140 62.794 161.140 143.512 5.000e+07 1
65 4.972763 15.975868 29.600998 32.915 -20.703 28.380 5.000e+07 1
66 6.514873 33.588085 37.770739 -1.282 377.899 -12.173 5.000e+07 1
67 -37.464742 56.264198 17.096127 -90.096 72.506 -22.087 5.000e+07 1
68 -4.044314 24.509830 35.974927 70.350 61.860 26.736 5.000e+07 1
69 0.405589 35.987684 36.387870 -232.410 -5.664 -48.738 5.000e+07 1
70 4.445473 34.922842 36.320919 -160.354 -348.375 -137.426 5.000e+07 1
71 -1.403715 31.371202 32.446310 73.688 32.209 134.060 5.000e+07 1
72 6.720347 35.622158 36.822896 58.104 59.938 -145.243 5.000e+07 1
73 5.114381 33.110131 36.633895 82.342 -208.132 101.356 5.000e+07 1
74 4.022913 34.834820 37.486409 -42.663 86.918 48.725 5.000e+07 1
75 5.694028 31.878474 36.913078 66.993 111.779 295.142 5.000e+07 1
76 7.492124 35.766816 36.951447 301.178 109.318 17.799 5.000e+07 1
77 9.548948 42.302874 37.562340 -32.803 228.891 13.159 5.000e+07 1
78 5.738434 34.196669 36.845056 27.358 159.404 -81.267 5.000e+07 1
79 5.245361 34.745316 37.933417 -77.182 192.466 52.563 5.000e+07 1
80 1.927690 34.471341 36.870747 189.023 100.974 87.692 5.000e+07 1
81 5.255344 35.568608 37.408292 93.015 -10.344 -32.186 5.000e+07 1
82 4.563154 35.322966 37.734182 124.284 84.363 15.877 5.000e+07 1
83 10.419440 39.226060 38.239226 66.584 126.854 143.488 5.000e+07 1
84 3.762177 34.946760 36.014876 -129.942 -53.293 -93.764 5.000e+07 1
85 10.900825 33.005708 35.052400 132.548 65.558 22.300 5.000e+07 1
86 9.827432 27.508682 34.091277 180.435 40.324 14.745 5.000e+07 1
87 6.240622 34.637354 39.395301 314.735 11.610 23.820 5.000e+07 1
88 2.321365 32.225251 36.636505 112.248 -22.263 121.011 5.000e+07 1
89 11.495487 36.866654 33.663832 -19.741 125.505 84.011 5.000e+07 1
90 16.763938 24.910314 48.906085 53.168 21.808 33.750 5.000e+07 1
91 5.119903 32.812486 40.022353 56.261 20.865 183.065 5.000e+07 1
92 5.675996 30.763652 36.482116 182.736 62.361 -9.561 5.000e+07 1
93 3.974542 27.960048 37.693766 126.029 66.365 142.882 5.000e+07 1
94 2.418375 34.523599 37.551058 -2.017 -31.163 -61.431 5.000e+07 1
95 5.694777 37.924432 36.275790 -88.287 -129.757 -115.565 5.000e+07 1
96 3.231955 33.196604 36.785110 -48.625 134.356 -184.233 5.000e+07 1
97 14.215886 27.316789 38.197159 -24.538 127.453 26.270 5.000e+07 1
98 7.448172 35.668039 36.070357 -91.916 -85.668 52.710 5.000e+07 1
99 9.939292 31.275562 36.043155 -178.697 159.157 131.104 5.000e+07 1
100 0.898291 34.000770 33.844173 155.342 -76.150 92.671 5.000e+07 1
101 7.195590 34.934777 33.957671 14.402 199.769 -114.297 5.000e+07 1
102 64.789963 -299.718341 32.775518 -22.692 114.858 9.371 5.000e+07 1
103 3.559248 35.095493 36.821399 -2.313 -242.827 175.891 5.000e+07 1
104 4.812465 33.558028 37.441123 199.196 27.464 264.425 5.000e+07 1
105 7.075589 36.410397 40.925611 48.617 203.139 210.653 5.000e+07 1
106 10.420420 50.243986 44.168001 -5.427 -70.538 16.692 5.000e+07 1
107 1.453364 37.401901 36.383543 -142.536 -222.738 -47.693 5.000e+07 1
108 0.360539 35.981862 37.204878 -139.267 51.194 173.570 5.000e+07 1
109 -16.005681 36.335820 39.696434 -0.123 26.498 -32.626 5.000e+07 1
110 5.769118 31.695842 35.311732 160.215 98.108 9.895 5.000e+07 1
111 4.021208 34.360654 37.436646 -17.678 -32.824 279.091 5.000e+07 1
112 5.319616 37.997675 37.799859 -246.742 -48.599 88.353 5.000e+07 1
113 4.187254 31.303325 37.711732 161.481 75.008 72.134 5.000e+07 1
114 0.690706 33.883867 37.774698 -20.412 42.059 -108.827 5.000e+07 1
115 4.704193 25.834924 37.441579 237.748 77.712 63.760 5.000e+07 1
116 4.258038 34.793127 37.352941 -48.324 51.184 -168.794 5.000e+07 1
117 4.246003 32.945468 36.804517 -1.494 -101.207 20.360 5.000e+07 1
118 2.722410 33.869411 36.340013 -29.623 -222.773 -48.426 5.000e+07 1
119 2.337676 33.848103 38.084795 -134.673 -52.378 18.002 5.000e+07 1
120 5.886751 33.158292 37.881268 -147.483 204.749 163.907 5.000e+07 1
121 10.628694 32.400008 40.810526 3.557 30.827 79.289 5.000e+07 1
122 8.206651 34.872797 37.928722 -319.401 -71.783 -137.750 5.000e+07 1
123 -140.716329 -105.561418 -242.886300 45.178 38.757 104.140 5.000e+07 1
124 4.709164 32.410281 36.762555 218.348 47.219 49.297 5.000e+07 1
125 4.909988 34.490431 36.557516 -202.923 188.445 -173.696 5.000e+07 1
126 17.540593 27.021389 37.573548 4.267 116.775 27.236 5.000e+07 1
127 3.451799 31.873858 34.207102 -61.627 -179.753 -262.182 5.000e+07 1
128 4.644896 30.413419 36.294108 147.971 100.514 -2.167 5.000e+07 1
129 3.388685 33.298281 37.082243 -0.928 13.659 277.865 5.000e+07 1
130 3.392133 33.898878 37.354625 110.389 199.531 140.826 5.000e+07 1
131 2.322188 35.320361 36.995859 15.644 -165.823 -152.506 5.000e+07 1
132 3.436728 29.819687 33.572674 76.898 -20.184 54.238 5.000e+07 1
133 5.231403 33.761148 36.810571 39.515 186.359 143.655 5.000e+07 1
134 2.193400 32.611469 35.770203 -9.591 20.246 31.285 5.000e+07 1
135 3.262768 34.083144 37.782208 83.988 -13.476 216.853 5.000e+07 1
136 5.157049 31.734476 36.649020 331.551 61.291 -24.502 5.000e+07 1
137 2.913480 33.508307 35.862633 6.398 140.306 231.106 5.000e+07 1
138 5.312741 33.536798 38.054233 -340.808 268.967 64.271 5.000e+07 1
139 5.739560 33.803217 38.174467 85.190 183.186 -0.654 5.000e+07 1
140 3.668324 33.811707 36.543605 149.264 74.344 99.268 5.000e+07 1
141 4.434137 34.125075 37.899344 77.344 290.329 -91.488 5.000e+07 1
142 7.166413 33.130821 32.440064 -81.075 96.252 199.127 5.000e+07 1
143 -6.134533 29.948785 39.213700 32.823 59.353 67.429 5.000e+07 1
144 2.240235 31.915857 39.031893 236.310 -53.827 45.815 5.000e+07 1
145 2.260859 33.705850 35.414845 -107.994 -123.722 127.817 5.000e+07 1
146 3.801320 34.776062 38.915505 8.267 -184.131 142.968 5.000e+07 1
147 2.191280 33.587577 38.988913 -20.307 97.205 82.781 5.000e+07 1
148 5.296270 31.429261 38.534708 86.888 -56.677 176.278 5.000e+07 1
149 6.881646 30.781063 34.995629 61.851 -32.199 3.451 5.000e+07 1
150 5.354218 33.341953 37.056243 -158.836 160.997 159.977 5.000e+07 1
151 5.923749 31.151904 37.776108 -63.473 296.146 -148.216 5.000e+07 1
152 4.931137 33.375294 37.124519 129.426 163.551 121.680 5.000e+07 1
153 4.716594 36.454424 35.047775 -150.558 150.709 -127.366 5.000e+07 1
154 4.705686 34.765795 36.507656 32.878 -82.833 -104.721 5.000e+07 1
155 4.982729 38.506867 38.049080 102.619 172.286 37.195 5.000e+07 1
156 -10.134018 51.913802 46.069966 77.037 -26.918 3.881 5.000e+07 1
157 6.605062 41.751217 40.769010 30.962 233.964 75.288 5.000e+07 1
158 13.656462 41.220527 32.234161 -59.018 45.100 5.086 5.000e+07 1
159 -0.522244 37.803376 39.932935 70.391 -1.976 107.076 5.000e+07 1
160 5.408940 37.462129 38.089762 -101.622 -140.289 13.732 5.000e+07 1
161 3.464393 33.956564 37.448460 36.577 -71.387 84.881 5.000e+07 1
162 5.245181 29.903757 38.754856 161.444 2.127 -63.302 5.000e+07 1
163 2.133077 36.208185 38.463864 -94.326 167.381 98.998 5.000e+07 1
164 4.557871 34.033986 37.551478 1.759 -178.025 117.080 5.000e+07 1
165 6.613067 34.399407 36.301032 -87.024 27.723 101.187 5.000e+07 1
166 7.323707 35.156098 37.664426 -223.948 -71.859 10.568 5.000e+07 1
167 3.634154 38.533098 37.647161 -143.443 -29.676 -84.486 5.000e+07 1
168 6.181253 37.158383 39.242495 -76.330 140.623 75.030 5.000e+07 1
169 5.220643 34.560117 37.255379 -240.127 -122.932 146.143 5.000e+07 1
170 5.432582 31.614925 35.868460 6.798 -165.596 80.648 5.000e+07 1
171 3.201949 33.763224 36.413455 -68.312 -73.238 -41.700 5.000e+07 1
172 5.934361 35.408509 37.594775 -142.458 -100.520 -1.327 5.000e+07 1
173 5.724562 32.980331 34.885964 22.947 197.289 153.076 5.000e+07 1
174 4.928428 34.616728 36.149514 -160.797 87.237 9.538 5.000e+07 1
175 4.224172 34.102125 37.231024 247.233 88.182 35.261 5.000e+07 1
176 6.140297 34.873654 38.101515 -173.866 230.311 84.902 5.000e+07 1
177 6.557195 33.825286 37.862041 -83.854 23.866 353.787 5.000e+07 1
178 1.861705 31.155323 37.353262 274.192 106.580 -100.052 5.000e+07 1
179 0.299239 30.289748 35.497450 -65.462 -122.291 36.657 5.000e+07 1
180 2.885962 37.120082 36.176264 107.730 -117.702 75.566 5.000e+07 1
181 4.994492 34.375623 36.495103 -155.426 393.444 99.192 5.000e+07 1
182 5.695810 31.056677 35.980680 -15.491 -75.488 111.289 5.000e+07 1
183 3.002502 41.199686 34.495071 -26.039 8.990 -15.906 5.000e+07 1
184 2.273426 29.367859 36.635734 240.046 43.763 -42.335 5.000e+07 1
185 83.895605 58.508367 104.762779 39.619 65.140 59.016 5.000e+07 1
186 8.402247 33.281348 35.016545 -119.080 245.869 -104.951 5.000e+07 1
187 4.468716 34.070692 34.999823 79.554 60.205 63.522 5.000e+07 1
188 3.064611 32.319968 37.785611 107.157 99.057 -30.679 5.000e+07 1
189 3.948909 33.873045 37.563940 -59.017 -64.225 -115.704 5.000e+07 1
190 4.680974 34.534002 37.553751 -163.019 -82.648 126.275 5.000e+07 1
191 4.996007 35.552133 37.220259 157.166 224.896 54.487 5.000e+07 1
192 12.734628 31.375653 38.661369 121.199 170.987 77.765 5.000e+07 1
193 4.373855 33.438237 36.490130 -46.699 37.435 55.680 5.000e+07 1
194 -1.414637 39.467079 36.700138 -49.597 88.585 129.301 5.000e+07 1
195 3.906619 34.745644 37.289020 -22.023 100.424 -69.912 5.000e+07 1
196 2.999526 33.285542 35.202001 62.822 -192.924 102.133 5.000e+07 1
197 4.296627 33.399594 36.372082 -78.924 -94.852 205.317 5.000e+07 1
198 13.440736 30.783249 46.499208 -93.480 34.316 34.363 5.000e+07 1
199 5.314466 33.156462 38.038451 -18.893 -100.387 -103.519 5.000e+07 1
200 13.345464 32.576641 35.859611 42.233 255.238 -27.823 6.250e+07 2
201 6.016698 30.492158 36.998231 61.541 298.486 -36.392 6.250e+07 2
202 6.928328 34.806546 37.925209 6.773 225.714 154.007 6.250e+07 2
203 2.540124 36.001618 37.963505 35.701 -15.819 70.751 6.250e+07 2
204 9.483012 36.646259 37.077336 -111.420 26.847 16.416 6.250e+07 2
205 4.906724 34.501773 36.707655 -53.096 61.545 -45.261 6.250e+07 2
206 -1519.546942 -1322.063557 -85.578932 -1044.330 -908.432 -58.582 6.250e+07 2
207 3.598676 33.471167 37.138731 -115.718 131.417 -41.333 6.250e+07 2
208 6.555652 33.196370 36.028752 103.035 270.047 -40.758 6.250e+07 2
209 1.943142 31.243414 37.515141 108.838 -115.378 -145.317 6.250e+07 2
210 3.693593 29.939262 36.854407 183.278 -89.706 57.953 6.250e+07 2
211 6.944396 34.129458 37.618259 39.294 34.685 207.796 6.250e+07 2
212 -6.064319 28.238163 41.857364 100.598 -64.703 8.808 6.250e+07 2
213 8.909921 33.700851 35.575214 113.759 72.068 3.065 6.250e+07 2
214 4.349409 35.422457 37.858680 -115.155 131.131 98.187 6.250e+07 2
215 3.770644 35.875546 37.516863 -147.965 -156.575 117.677 6.250e+07 2
216 5.375104 40.305793 39.525304 -44.896 -58.676 -58.727 6.250e+07 2
217 10.208494 35.020235 36.446569 59.123 327.411 11.580 6.250e+07 2
218 2.905509 32.620789 37.182570 -46.196 39.118 -158.164 6.250e+07 2
219 -14.964596 9.688881 36.996382 67.936 4.501 76.701 6.250e+07 2
220 4.884599 34.301977 37.446192 -223.557 65.423 227.397 6.250e+07 2
221 4.380494 35.710774 37.538535 -191.043 21.818 121.020 6.250e+07 2
222 0.298582 31.051827 38.081458 49.020 -13.901 22.054 6.250e+07 2
223 4.847565 34.920090 37.989744 187.463 -51.173 220.629 6.250e+07 2
224 4.638983 33.544196 36.900552 -39.959 35.203 160.666 6.250e+07 2
225 18.969199 357.560364 45.871999 8.856 144.617 27.506 6.250e+07 2
226 4.077421 34.480892 36.261247 -335.670 35.255 107.921 6.250e+07 2
227 5.133482 31.645584 36.315508 76.190 357.360 -36.230 6.250e+07 2
228 2.952257 34.588267 36.341993 -270.397 -39.639 259.588 6.250e+07 2
229 4.182108 33.601075 36.803683 -16.903 197.466 -30.820 6.250e+07 2
230 10.128082 32.500078 35.538127 51.245 232.488 56.800 6.250e+07 2
231 5.017315 34.279028 36.931244 19.923 -153.088 -202.994 6.250e+07 2
232 -0.513890 37.245097 35.209215 -73.228 -84.997 128.864 6.250e+07 2
233 1.203528 34.602437 36.433737 -142.890 -159.334 -21.364 6.250e+07 2
234 -6.879982 28.996635 34.683593 -143.821 -78.924 -58.344 6.250e+07 2
235 4.110755 34.656370 37.585406 -6.286 -133.205 83.376 6.250e+07 2
236 6.138171 35.231834 37.239410 36.105 105.368 1.428 6.250e+07 2
237 0.608070 37.147710 35.628959 -13.775 -147.638 117.049 6.250e+07 2
238 4.541319 20.151069 39.976010 98.602 171.471 8.872 6.250e+07 2
239 5.793843 31.552421 34.782819 -56.178 70.199 -27.455 6.250e+07 2
240 12.812015 36.370666 33.904564 -34.993 91.733 73.262 6.250e+07 2
241 3.235783 36.131666 38.582211 -234.736 -232.179 -72.621 6.250e+07 2
242 2.341367 32.647604 36.432892 36.278 -62.027 81.846 6.250e+07 2
243 -0.360903 46.872938 39.478006 -168.652 121.901 59.619 6.250e+07 2
244 2.488601 33.435842 35.779373 244.067 98.075 75.478 6.250e+07 2
245 3.610802 33.483447 36.728684 188.558 -110.383 22.261 6.250e+07 2
246 4.955405 34.620759 37.814044 144.177 -113.960 -111.372 6.250e+07 2
247 0.366147 37.634130 37.562857 -142.191 -3.812 105.476 6.250e+07 2
248 -2.506773 42.648416 36.627722 -177.544 -77.678 41.975 6.250e+07 2
249 0.611720 38.670308 35.374274 23.467 -23.776 53.628 6.250e+07 2
250 7.533228 34.693358 36.608381 121.417 262.880 -32.048 6.250e+07 2
251 1.968608 32.596017 36.452182 16.737 -206.419 76.973 6.250e+07 2
252 5.266645 34.487624 36.914040 136.258 74.581 2.056 6.250e+07 2
253 3.234193 30.968548 34.573047 195.690 -90.702 30.316 6.250e+07 2
254 4.183637 34.146273 37.742306 -38.148 113.471 114.140 6.250e+07 2
255 4.842118 33.863943 36.945027 -239.031 41.685 -236.896 6.250e+07 2
256 7.866400 35.194694 37.058318 -63.242 2.728 -18.845 6.250e+07 2
257 2.411749 36.065684 35.488126 84.714 -121.658 109.862 6.250e+07 2
258 1.122563 34.073853 37.877670 112.194 -57.271 -25.677 6.250e+07 2
259 3.765626 34.685835 37.000568 -63.350 -333.776 178.044 6.250e+07 2
260 3.475912 32.430742 36.780894 237.199 -204.844 -235.018 6.250e+07 2
261 4.287658 37.927951 35.741858 -69.213 -64.835 19.913 6.250e+07 2
262 7.731953 40.484481 37.180448 -75.093 119.174 -8.310 6.250e+07 2
263 -2496.494793 2222.215912 -94.505688 -1732.361 1542.137 -65.843 6.250e+07 2
264 8.446369 33.191662 35.836425 38.990 210.433 3.459 6.250e+07 2
265 2.366331 32.479124 36.922352 113.449 -247.314 -119.973 6.250e+07 2
266 2.701356 34.775434 36.666342 -53.809 -29.121 94.838 6.250e+07 2
267 5.470099 34.238524 38.005641 -0.168 -38.477 137.289 6.250e+07 2
268 3.242822 33.582415 37.643434 -20.795 -314.482 -56.880 6.250e+07 2
269 2.118373 35.665752 37.734703 -133.040 -236.819 -17.796 6.250e+07 2
270 2.956784 36.755624 39.757381 -23.575 -87.600 1.057 6.250e+07 2
271 5.788921 33.768293 36.952983 73.009 319.946 -156.416 6.250e+07 2
272 4.174494 33.298847 37.481896 -61.597 -102.460 73.674 6.250e+07 2
273 5.025395 42.485262 36.522346 -182.583 -127.916 59.973 6.250e+07 2
274 2.127719 34.997608 37.001814 79.156 62.414 -38.090 6.250e+07 2
275 4.857936 34.525097 36.160083 -90.187 -9.041 55.546 6.250e+07 2
276 8.854118 31.907844 34.703711 62.589 121.366 66.608 6.250e+07 2
277 -12.297476 41.858999 28.130669 -41.040 -70.361 12.561 6.250e+07 2
278 3.507421 33.685790 37.249798 -131.615 -93.821 149.317 6.250e+07 2
279 -1.589851 25.628609 38.019587 132.159 -26.948 0.679 6.250e+07 2
280 -3.929246 43.504279 38.239822 -94.320 -108.298 7.896 6.250e+07 2
281 3.913415 33.822088 37.064275 -176.350 -112.932 -3.129 6.250e+07 2
282 11.097284 34.723361 34.609150 143.022 191.294 -1.393 6.250e+07 2
283 4.676843 34.162978 37.481923 -116.552 358.109 -177.199 6.250e+07 2
284 5.244315 34.319611 37.176064 -270.684 107.858 203.927 6.250e+07 2
285 4.332857 34.372359 35.793979 -121.702 215.418 -147.605 6.250e+07 2
286 3.420622 32.812864 35.309759 138.516 -60.929 82.357 6.250e+07 2
287 6.567016 39.359249 38.203888 -88.524 36.639 -65.757 6.250e+07 2
288 2.927092 38.829761 38.672925 -17.056 -31.877 50.280 6.250e+07 2
289 5.880683 39.032282 37.495997 -178.541 4.778 54.572 6.250e+07 2
290 4.775837 28.840919 36.207370 163.617 114.390 3.711 6.250e+07 2
291 4.077490 29.992679 38.628189 190.289 -191.762 21.764 6.250e+07 2
292 2.912144 38.895220 37.754803 -87.347 -95.745 35.314 6.250e+07 2
293 10.273324 37.918371 33.724916 -96.880 209.613 -0.821 6.250e+07 2
294 4.770358 35.772247 37.609271 -13.960 3.132 -0.807 6.250e+07 2
295 1.112280 34.475444 35.955223 -63.594 -7.835 115.404 6.250e+07 2
296 6.187604 34.791465 36.581827 26.558 -1.044 -192.618 6.250e+07 2
297 3.657435 39.167935 35.692258 -136.634 200.907 82.205 6.250e+07 2
298 8.034697 37.584004 36.194543 -121.067 70.923 9.186 6.250e+07 2
299 3.622055 36.506179 37.737718 -111.241 -73.834 -143.348 6.250e+07 2
300 4.424237 34.243249 37.639213 364.982 34.524 -68.373 6.250e+07 2
301 -1.451781 31.211431 38.036619 75.807 -15.373 48.551 6.250e+07 2
302 5.448791 24.562991 35.127346 40.808 114.234 43.647 6.250e+07 2
303 14.348503 30.967648 36.067321 7.939 155.688 -25.742 6.250e+07 2
304 4.680383 32.962953 36.985533 127.817 -74.001 84.941 6.250e+07 2
305 3.737932 27.265860 35.060847 122.933 8.997 35.603 6.250e+07 2
306 2.086793 37.206114 36.994950 -81.203 -85.146 -66.240 6.250e+07 2
307 -0.465476 34.027858 35.985689 37.198 0.072 -34.311 6.250e+07 2
308 4.263034 39.278172 37.148282 -204.829 54.015 99.556 6.250e+07 2
309 4.639205 34.202221 37.106949 -112.899 95.694 -53.020 6.250e+07 2
310 -3.141091 23.162637 35.567245 132.818 37.351 1.347 6.250e+07 2
311 7.009945 50.072877 35.642631 -171.324 -42.538 52.783 6.250e+07 2
312 7.521954 37.952073 37.220970 -41.924 144.756 -56.460 6.250e+07 2
313 4.259463 32.248389 35.950664 64.695 -21.507 -127.561 6.250e+07 2
314 7.783712 38.129338 35.680055 145.960 131.819 -7.404 6.250e+07 2
315 -0.375092 39.425136 37.443633 -44.830 26.527 38.578 6.250e+07 2
316 4.844169 34.616479 37.358144 -152.754 -202.599 39.464 6.250e+07 2
317 3.318847 36.087875 34.633072 -174.484 -18.214 -76.465 6.250e+07 2
318 -3.967809 43.551103 38.190900 -116.749 -56.981 48.524 6.250e+07 2
319 5.484460 34.139830 37.309494 49.151 206.795 -120.456 6.250e+07 2
320 5.009220 33.549088 39.236046 -167.023 -31.371 14.242 6.250e+07 2
321 3.988419 36.370023 36.835988 -180.188 61.682 -47.471 6.250e+07 2
322 2.113577 34.144670 37.123951 -84.646 -181.432 40.701 6.250e+07 2
323 14.615492 44.670541 37.583039 -88.036 116.863 19.038 6.250e+07 2
324 5.406746 34.743006 38.832613 23.903 84.010 316.016 6.250e+07 2
325 3.704926 34.481188 37.582714 238.825 -140.179 -111.980 6.250e+07 2
326 4.379549 33.931342 36.369504 -114.048 30.405 -1.098 6.250e+07 2
327 4.249942 29.024139 36.560156 74.236 -171.138 81.865 6.250e+07 2
328 3.367114 31.110076 37.819943 154.363 -56.380 51.243 6.250e+07 2
329 5.756593 32.776565 38.722314 111.451 46.925 -0.551 6.250e+07 2
330 3.117435 36.778937 36.510649 -125.650 91.526 -42.641 6.250e+07 2
331 -0.639193 34.337412 36.883606 178.134 -297.253 -125.857 6.250e+07 2
332 6.410304 25.179114 35.281724 44.564 195.812 102.950 6.250e+07 2
333 3.194117 32.743729 37.816855 163.437 64.024 91.420 6.250e+07 2
334 7.850856 36.044058 37.403250 -131.054 193.374 -24.489 6.250e+07 2
335 4.146721 35.342995 37.420072 32.341 -231.396 -113.789 6.250e+07 2
336 4.891639 33.015708 36.165016 -3.485 276.263 13.666 6.250e+07 2
337 6.900129 34.085380 36.907389 -81.851 223.065 -32.058 6.250e+07 2
338 0.489521 40.172016 34.486326 -10.123 -100.277 48.689 6.250e+07 2
339 3.343815 34.487358 36.281342 -25.222 7.086 290.167 6.250e+07 2
340 4.908213 33.248782 36.627533 69.031 -29.704 19.485 6.250e+07 2
341 2.457217 32.811899 38.357087 41.219 -147.770 -20.862 6.250e+07 2
342 4.177982 33.839851 38.726525 -138.502 -44.237 -84.438 6.250e+07 2
343 4.481556 29.584630 35.007947 44.384 40.015 66.169 6.250e+07 2
344 7.957156 27.895473 31.946878 39.072 103.635 103.949 6.250e+07 2
345 8.559028 16.378535 38.189592 102.178 -26.016 53.083 6.250e+07 2
346 0.545705 40.660633 39.710006 -145.708 -46.463 117.688 6.250e+07 2
347 9.031774 32.988293 35.646842 -66.680 188.133 0.302 6.250e+07 2
348 5.901045 35.548634 36.500010 -9.563 206.912 -243.929 6.250e+07 2
349 12.415631 27.762190 36.274796 115.124 209.428 -0.280 6.250e+07 2
350 -34.661421 24.658287 38.004123 -19.116 -61.189 5.636 6.250e+07 2
351 5.431329 32.447498 39.230846 52.118 -85.210 -143.514 6.250e+07 2
352 9.153705 32.961614 37.566795 158.159 135.737 35.717 6.250e+07 2
353 2.519523 38.899569 35.429841 -163.497 69.829 42.717 6.250e+07 2
354 6.131464 35.384633 37.466476 -40.986 134.902 -4.991 6.250e+07 2
355 8.107866 39.918127 37.996857 -47.321 144.759 112.179 6.250e+07 2
356 -6.000000 32.931421 34.619518 18.148 -127.099 28.855 6.250e+07 2
357 -2.417259 39.572066 39.095754 -128.401 -26.758 -13.073 6.250e+07 2
358 8.822067 20.182370 37.195366 121.392 9.337 58.232 6.250e+07 2
359 5.387546 33.072887 36.794422 66.351 -109.759 25.975 6.250e+07 2
360 6.116195 33.235241 35.105652 84.652 -12.993 9.277 6.250e+07 2
361 8.103316 29.940073 37.057884 210.386 210.461 72.373 6.250e+07 2
362 4.930717 34.944922 37.178821 96.983 2.105 160.845 6.250e+07 2
363 4.864315 34.750897 35.636860 245.486 174.945 3.092 6.250e+07 2
364 -5.959896 46.516561 36.743830 -38.772 -113.724 53.586 6.250e+07 2
365 7.581941 35.121096 35.389917 -6.114 239.072 -56.931 6.250e+07 2
366 2.174150 30.722967 37.244946 273.708 -51.498 23.900 6.250e+07 2
367 5.491340 31.737791 35.494704 56.139 -299.079 -12.452 6.250e+07 2
368 7.411690 40.523325 36.681747 -16.687 132.736 -21.093 6.250e+07 2
369 -6.020914 28.518318 40.003818 -22.661 -128.968 71.761 6.250e+07 2
370 9.108303 41.198532 39.758848 -170.227 59.437 -12.781 6.250e+07 2
371 3.687003 35.130503 35.138967 -121.779 180.214 126.256 6.250e+07 2
372 7.663779 15.788808 37.721684 153.613 23.506 19.442 6.250e+07 2
373 10.455869 27.673473 37.845170 140.964 144.960 108.624 6.250e+07 2
374 13.140561 42.439406 40.533458 -224.920 -34.759 -75.343 6.250e+07 2
375 3.037727 32.639376 36.169585 65.275 193.345 19.423 6.250e+07 2
376 1.834609 33.226708 38.977420 -62.301 -104.370 214.446 6.250e+07 2
377 -0.585316 27.668189 36.994733 7.345 -107.619 44.047 6.250e+07 2
378 5.364647 38.471998 38.624156 -53.276 114.585 41.243 6.250e+07 2
379 2.407660 28.804724 37.514619 125.422 -87.441 -67.478 6.250e+07 2
380 4.767582 34.210033 37.986832 -162.324 -63.794 -134.444 6.250e+07 2
381 4.972203 33.900504 36.684410 -210.682 -107.567 84.166 6.250e+07 2
382 -1.991128 29.806524 37.826666 -15.760 -90.075 -46.734 6.250e+07 2
383 5.280317 13.585055 28.493950 86.350 -56.489 41.361 6.250e+07 2
384 4.312773 33.768275 36.517021 -80.068 254.571 94.615 6.250e+07 2
385 8.669060 36.297327 38.152506 -203.833 49.734 12.375 6.250e+07 2
386 5.224941 34.709639 36.933209 -21.000 161.505 13.850 6.250e+07 2
387 3.912453 33.837507 36.947572 273.547 131.054 -122.194 6.250e+07 2
388 5.365087 41.396928 39.948618 -45.527 -25.555 -59.181 6.250e+07 2
389 4.027255 34.397038 37.125038 -67.725 8.535 67.696 6.250e+07 2
390 3.361273 41.581105 38.652803 -98.899 40.508 32.090 6.250e+07 2
391 9.559475 36.061379 40.064106 -229.733 208.215 -106.750 6.250e+07 2
392 4.632967 33.331776 38.623775 56.172 -32.273 -8.191 6.250e+07 2
393 2.440018 34.191345 36.833068 28.082 -57.232 183.352 6.250e+07 2
394 -0.760855 28.357311 37.139472 189.855 -40.149 91.107 6.250e+07 2
395 -10.225315 33.521620 37.499888 -4.534 -151.627 61.623 6.250e+07 2
396 2.566211 35.026704 36.945484 -92.386 20.893 7.889 6.250e+07 2
397 5.937380 38.419284 38.906120 -235.817 165.617 -71.712 6.250e+07 2
398 11.819006 38.815201 37.582755 251.090 369.368 81.881 6.250e+07 2
399 6.097125 31.127876 38.343091 275.953 -27.557 97.796 6.250e+07 2
400 4.323529 34.321127 36.980365 124.904 -183.082 41.021 6.250e+07 2
401 3.864089 32.946943 36.223560 -55.422 167.080 98.855 6.250e+07 2
402 5.125677 35.192788 36.863508 13.128 147.747 99.345 6.250e+07 2
403 1.314792 33.009013 36.676289 0.332 -16.381 14.221 6.250e+07 2
404 1.074822 32.864453 37.444298 -141.849 -8.417 -28.905 6.250e+07 2
405 5.554014 35.493072 37.575576 -103.151 140.653 158.134 6.250e+07 2
406 2.692751 31.849279 38.174520 99.982 -105.598 -169.449 6.250e+07 2
407 3.620674 33.933453 36.842450 40.359 -97.598 -131.493 6.250e+07 2
408 754.295289 -727.669033 140.394946 498.348 -479.642 94.375 6.250e+07 2
409 2.521297 39.105281 37.724491 -130.415 -10.721 25.893 6.250e+07 2
410 4.303250 33.573274 37.119470 231.377 -124.414 -0.626 6.250e+07 2
411 8.594419 33.055290 36.107908 145.838 148.561 -133.836 6.250e+07 2
412 5.029518 33.884103 37.402008 6.024 133.097 -49.939 6.250e+07 2
413 4.932491 35.130964 36.594447 167.545 50.863 4.157 6.250e+07 2
414 3.966816 33.489378 36.403946 -47.529 -228.913 -199.437 6.250e+07 2
415 43.703098 -20.575846 29.996885 25.104 28.561 6.576 6.250e+07 2
416 4.325306 32.098270 37.029165 203.593 -248.566 218.308 6.250e+07 2
417 5.861284 34.964089 37.385504 -197.804 19.283 -175.801 6.250e+07 2
418 2.487894 35.395237 35.836588 83.721 -152.701 125.802 6.250e+07 2
419 3.759220 41.212352 35.007830 -195.693 217.305 -36.650 6.250e+07 2
420 -9.847160 38.217229 40.173655 -80.073 -87.338 92.584 6.250e+07 2
421 6.048566 37.775649 35.588372 -138.239 -56.694 20.473 6.250e+07 2
422 4.874606 32.964589 36.915593 130.516 -262.001 35.006 6.250e+07 2
423 16.439999 34.143820 33.203725 133.168 180.779 34.276 6.250e+07 2
424 5.870919 41.851375 36.468378 -196.829 117.527 89.809 6.250e+07 2
425 4.477786 35.961646 36.984835 -12.325 -52.351 -30.936 6.250e+07 2
426 4.986946 33.686659 36.335973 262.395 35.110 152.541 6.250e+07 2
427 5.314142 34.765279 36.617766 -23.741 78.986 142.537 6.250e+07 2
428 0.435050 34.499172 36.753873 144.197 -167.908 10.063 6.250e+07 2
429 4.981249 34.794463 37.139613 -113.999 44.343 89.863 6.250e+07 2
430 5.538109 32.693658 36.839400 94.112 118.102 -14.258 6.250e+07 2
431 6.021409 32.015802 35.222122 171.488 69.444 -110.771 6.250e+07 2
432 0.361634 36.565163 37.538669 -69.000 -172.915 -35.914 6.250e+07 2
433 2.989507 35.328476 35.216443 -109.280 -49.173 198.248 6.250e+07 2
434 4.970371 32.059677 37.094161 54.979 -112.406 -43.445 6.250e+07 2
435 7.669465 35.124653 37.774320 58.919 105.198 -110.393 6.250e+07 2
436 3.288245 34.236504 36.531926 232.538 -183.195 175.494 6.250e+07 2
437 5.967096 33.267807 38.333543 110.716 39.515 155.207 6.250e+07 2
438 5.795697 32.560496 37.924484 207.244 -23.600 88.599 6.250e+07 2
439 3.981232 34.471991 37.627822 -252.629 -22.152 69.143 6.250e+07 2
440 1108.008703 -1329.971920 7.911383 757.392 -908.673 6.037 6.250e+07 2
441 4.257610 29.452505 35.282421 113.991 -20.247 79.124 6.250e+07 2
442 -14.916036 9.705884 37.000458 49.009 53.631 21.359 6.250e+07 2
443 5.562787 37.061057 36.870163 -170.764 -3.271 27.883 6.250e+07 2
444 3.074007 35.295208 38.367714 -38.996 -205.335 -40.506 6.250e+07 2
445 5.797102 34.692334 37.123147 206.165 215.720 -65.882 6.250e+07 2
446 3.149834 33.284186 36.496377 -46.407 42.168 -189.003 6.250e+07 2
447 3.170811 32.732665 35.722449 -125.499 90.305 63.602 6.250e+07 2
448 -17.001409 15.371982 37.654119 -69.256 -18.490 44.134 6.250e+07 2
449 5.227724 34.636634 36.058580 49.606 105.183 60.898 6.250e+07 2
450 3.314856 34.075075 36.272470 70.163 -58.336 -14.352 6.250e+07 2
451 7.558972 35.880866 36.625220 23.533 273.857 4.129 6.250e+07 2
452 3.597682 35.142996 37.660368 24.065 99.897 -146.920 6.250e+07 2
453 4.217201 35.525812 36.734808 -71.152 -89.089 -9.650 6.250e+07 2
454 4.543283 33.686482 36.316695 -232.523 -123.256 258.053 6.250e+07 2
455 4.624912 34.406686 37.156870 186.798 -53.557 -115.477 6.250e+07 2
456 2.662164 34.182650 38.704084 0.850 -36.929 100.415 6.250e+07 2
457 3.496486 31.811500 36.657622 -27.681 23.471 52.722 6.250e+07 2
458 7.298027 32.021034 35.723168 -27.240 103.039 -120.775 6.250e+07 2
459 5.208031 34.240850 36.768862 117.426 -2.292 -87.681 6.250e+07 2
460 13.716826 37.246088 36.675719 51.745 244.561 59.794 6.250e+07 2
461 6.098379 33.288079 38.743160 -44.602 142.609 26.271 6.250e+07 2
462 4.024409 33.884310 37.320147 -87.843 25.811 219.458 6.250e+07 2
463 8.694832 35.207553 37.308519 -66.322 160.989 39.416 6.250e+07 2
464 1.906733 39.831087 36.536732 -156.760 77.124 50.545 6.250e+07 2
465 4.374706 36.269155 37.335444 -351.280 110.954 59.633 6.250e+07 2
466 6.292211 34.994540 36.982088 -143.938 13.944 28.071 6.250e+07 2
467 10.207028 30.591491 35.225082 12.310 165.713 134.373 6.250e+07 2
468 10.151478 44.984285 36.560773 -145.265 -28.466 14.860 6.250e+07 2
469 4.704704 34.409495 37.325919 128.398 199.230 -150.163 6.250e+07 2
470 12.346063 23.969585 40.835431 44.462 188.073 -21.725 6.250e+07 2
471 4.273374 32.437342 36.249556 93.654 180.119 225.800 6.250e+07 2
472 5.050182 33.810453 36.094766 273.420 76.043 130.335 6.250e+07 2
473 5.441361 38.857483 34.806143 -185.546 15.366 104.895 6.250e+07 2
474 5.615556 30.512100 37.577162 232.926 1.779 -107.501 6.250e+07 2
475 4.867396 34.299699 36.727463 -55.050 159.263 49.631 6.250e+07 2
476 0.923643 36.233254 40.167859 -2.837 -19.530 112.368 6.250e+07 2
477 6.306770 37.535813 33.857688 -54.295 135.789 -21.356 6.250e+07 2
478 3.804565 30.768669 37.399520 26.086 170.726 7.165 6.250e+07 2
479 5.346648 42.136146 34.885610 -110.539 170.564 -34.295 6.250e+07 2
480 7.047213 25.651220 35.491405 215.149 10.886 61.238 6.250e+07 2
481 4.298824 34.754282 36.680736 -150.270 -10.977 -38.533 6.250e+07 2
482 5.114488 32.536095 37.695888 105.118 37.236 72.583 6.250e+07 2
483 5.024559 31.921944 37.351525 -157.462 95.984 -63.622 6.250e+07 2
484 5.839196 34.988894 38.461442 -98.779 125.698 96.606 6.250e+07 2
485 2.300791 32.722502 36.533160 45.739 -261.728 22.400 6.250e+07 2
486 10.063105 45.512719 35.624021 -66.831 144.284 7.952 6.250e+07 2
487 3.115947 34.639145 37.488860 67.415 -78.309 169.976 6.250e+07 2
488 4.876019 36.115288 36.854454 -177.497 30.992 -66.883 6.250e+07 2
489 4.207390 33.309944 35.574018 123.203 -11.654 -33.592 6.250e+07 2
490 4.351523 31.454780 35.690610 148.538 23.046 -4.863 6.250e+07 2
491 10.805981 32.617410 39.149475 59.487 226.745 112.816 6.250e+07 2
492 4.840299 33.630387 37.054575 55.872 314.111 231.323 6.250e+07 2
493 4.636737 32.967413 36.208578 -73.983 158.689 112.682 6.250e+07 2
494 5.990194 31.646789 36.742068 69.219 -17.723 -44.136 6.250e+07 2
495 6.954189 26.580771 40.690863 168.844 112.040 -13.684 6.250e+07 2
496 0.936787 35.225895 36.908349 180.229 -137.312 -26.012 6.250e+07 2
497 2.040428 36.555121 37.435937 -253.025 34.439 -64.386 6.250e+07 2
498 3.660757 35.258098 35.978227 -130.985 -180.584 127.353 6.250e+07 2
499 2.254062 35.103084 36.462915 -71.650 -57.497 -44.727 6.250e+07 2
500 4.815080 31.887484 36.609828 109.316 10.180 -20.951 6.250e+07 2
501 10.366252 18.328832 40.207750 131.740 79.771 42.998 6.250e+07 2
502 6.589653 26.647126 40.647893 160.115 53.636 101.897 6.250e+07 2
503 5.091525 31.253482 38.410252 169.493 -9.369 -135.609 6.250e+07 2
504 6.746053 36.440836 35.498589 -56.962 126.685 10.481 6.250e+07 2
505 -14.907593 9.723801 37.034758 54.099 13.222 39.405 6.250e+07 2
506 0.188837 37.302975 35.626720 5.098 -133.073 116.225 6.250e+07 2
507 7.252310 32.369147 37.202753 68.026 90.784 -32.570 6.250e+07 2
508 5.577397 37.587255 37.544159 -185.905 150.550 185.980 6.250e+07 2
509 2.870707 32.900508 35.999685 188.315 -185.994 -17.027 6.250e+07 2
510 5.736409 33.819706 37.505149 -152.915 73.725 29.454 6.250e+07 2
511 -1.364338 36.929238 37.363727 -97.943 -65.112 12.084 6.250e+07 2
512 -5.053156 12.773822 19.188193 -36.475 -43.281 -60.710 6.250e+07 2
513 2.880148 33.555423 35.624866 283.243 43.561 -56.746 6.250e+07 2
514 6.394817 32.980613 37.961253 111.946 206.975 131.631 6.250e+07 2
515 3.734958 39.163092 37.793420 -93.030 42.433 126.528 6.250e+07 2
516 6.362401 38.588769 37.156580 -239.297 142.964 -32.117 6.250e+07 2
517 -4.027630 34.109899 36.374167 -164.895 -71.181 9.770 6.250e+07 2
518 16.451287 33.613343 39.251963 110.945 56.594 85.677 6.250e+07 2
519 3.038949 34.939346 37.361029 -78.332 -52.279 -79.126 6.250e+07 2
520 4.451996 32.162763 34.507730 11.394 -59.241 114.490 6.250e+07 2
521 0.518706 29.038720 37.963617 201.440 19.236 123.898 6.250e+07 2
522 -1.912697 45.485549 35.767308 -144.031 79.316 24.028 6.250e+07 2
523 5.684610 33.020782 36.598883 42.577 67.045 30.013 6.250e+07 2
524 3.895676 34.341657 36.315890 289.293 13.868 55.747 6.250e+07 2
525 3.997097 35.374705 34.155858 -96.540 -88.154 -74.965 6.250e+07 2
526 2.882762 31.127447 37.101652 25.997 -89.803 28.231 6.250e+07 2
527 5.051624 35.183185 37.712466 33.057 83.854 157.257 6.250e+07 2
528 9.629018 35.313643 35.932139 -206.451 179.798 36.280 6.250e+07 2
529 1.841702 24.337361 32.903513 141.405 -90.474 -20.610 6.250e+07 2
530 4.545467 35.265900 37.359414 -122.599 145.317 91.708 6.250e+07 2
531 3.732479 35.320943 36.617907 -199.206 -137.396 49.155 6.250e+07 2
532 8.459707 40.498881 36.382973 -159.444 71.070 34.485 6.250e+07 2
533 -1.432225 32.372825 36.777091 108.686 -99.705 42.242 6.250e+07 2
534 5.531034 33.353497 36.487907 -182.597 148.518 160.480 6.250e+07 2
535 3.745334 35.872793 37.375460 -162.788 78.248 39.797 6.250e+07 2
536 3.310717 37.537543 38.063072 -38.066 -189.475 -160.432 6.250e+07 2
537 3.104710 30.123334 35.903579 234.049 -23.802 -134.440 6.250e+07 2
538 4.233184 35.750345 37.316776 -74.947 -137.124 61.842 6.250e+07 2
539 5.942963 32.343320 37.871668 40.686 158.196 105.497 6.250e+07 2
540 7.366455 33.573586 36.462842 16.831 135.059 52.278 6.250e+07 2
541 12.698403 39.631249 36.236735 -92.838 157.937 18.738 6.250e+07 2
542 5.345202 28.032201 38.412837 156.426 13.215 -41.712 6.250e+07 2
543 8.812286 30.824760 37.307453 167.137 219.825 38.807 6.250e+07 2
544 -2.703139 35.203511 36.550559 -25.789 -134.518 -2.737 6.250e+07 2
545 1.864595 40.254556 38.986158 -105.695 157.561 80.914 6.250e+07 2
546 5.449199 34.223083 37.623506 -139.622 -20.233 69.214 6.250e+07 2
547 -13.074659 33.678449 41.612624 55.857 -78.307 11.680 6.250e+07 2
548 3.449902 33.562932 36.598796 202.113 -89.396 -26.204 6.250e+07 2
549 2.355862 37.028076 36.728701 -168.284 -113.538 18.333 6.250e+07 2
550 4.996960 33.873886 36.202306 103.098 -102.097 -5.290 6.250e+07 2
551 4.906542 34.944858 36.879041 -164.258 173.500 91.769 6.250e+07 2
552 4.730643 36.110414 35.715411 -103.731 -169.118 1.344 6.250e+07 2
553 5.666323 38.188796 37.111196 -48.805 -36.873 -9.209 6.250e+07 2
554 10.495674 31.482882 39.544048 25.002 210.703 -21.229 6.250e+07 2
555 36.286363 44.298795 44.061107 -58.656 72.413 40.625 6.250e+07 2
556 5.414705 33.528678 36.498973 34.304 51.877 -43.818 6.250e+07 2
557 5.910165 37.447764 37.631078 -256.792 124.120 -100.513 6.250e+07 2
558 4.727868 33.217810 36.531638 -94.865 34.709 58.447 6.250e+07 2
559 1.264499 31.549559 35.883340 33.273 -200.250 -90.398 6.250e+07 2
560 5.086563 35.087404 36.559870 -73.227 212.295 77.085 6.250e+07 2
561 6.011971 32.933521 35.885277 167.264 46.411 182.065 6.250e+07 2
562 4.702435 34.871005 37.605032 51.309 187.409 51.144 6.250e+07 2
563 5.799276 36.295513 37.286622 -103.446 32.259 10.829 6.250e+07 2
564 4.590030 34.293484 37.109270 -159.990 33.242 160.191 6.250e+07 2
565 4.127630 35.401611 37.995019 -86.782 -264.880 149.887 6.250e+07 2
566 4.974953 33.820714 37.244071 93.432 95.874 31.538 6.250e+07 2
567 3.095903 27.672950 34.960983 110.136 72.823 -0.276 6.250e+07 2
568 7.985231 38.633840 37.195617 -160.726 162.162 89.132 6.250e+07 2
569 6.272445 25.284017 36.429940 141.529 -111.785 25.690 6.250e+07 2
570 11.024787 31.145412 35.967447 -62.115 193.649 130.976 6.250e+07 2
571 5.028692 31.412192 36.503611 102.249 22.217 94.904 6.250e+07 2
572 4.763969 33.858431 36.757993 -11.683 400.695 19.880 6.250e+07 2
573 4.223913 33.820061 37.453329 -65.626 140.933 233.037 6.250e+07 2
574 10.238209 35.942853 36.120902 -80.748 177.590 126.241 6.250e+07 2
575 4.853070 33.688201 38.118790 33.226 -18.151 6.487 6.250e+07 2
576 -0.826806 36.624107 36.043188 -82.890 -98.802 67.688 6.250e+07 2
577 4.360576 34.682866 36.916918 202.518 -205.073 230.780 6.250e+07 2
578 9.306737 30.065240 36.859979 246.485 42.832 50.793 6.250e+07 2
579 5.972651 34.914407 37.694015 -200.098 126.545 92.726 6.250e+07 2
580 8.445270 28.319968 37.250846 61.004 73.875 20.677 6.250e+07 2
581 2.694930 36.776155 36.447195 -108.275 -123.185 -59.205 6.250e+07 2
582 6.086212 41.129126 38.199943 -157.663 46.829 98.006 6.250e+07 2
583 4.305206 35.756634 36.998195 -45.374 234.270 12.161 6.250e+07 2
584 1.931317 34.684852 36.882560 -170.380 -73.391 4.163 6.250e+07 2
585 3.220749 33.098961 36.946499 26.813 -65.862 86.129 6.250e+07 2
586 5.740331 33.393612 37.656707 38.327 219.721 132.740 6.250e+07 2
587 2.633982 32.460944 37.917983 66.725 -68.371 85.788 6.250e+07 2
588 8.219119 33.146002 35.480601 -26.716 138.237 32.063 6.250e+07 2
589 -6.503849 26.726545 38.248726 -85.121 6.266 -27.315 6.250e+07 2
590 0.749500 3.658762 36.985855 70.281 70.674 64.506 6.250e+07 2
591 4.916941 34.384154 37.096111 -58.456 -148.787 -313.732 6.250e+07 2
592 -1604.756778 1110.573723 -15.569227 -1101.189 762.459 -10.285 6.250e+07 2
593 2.928918 32.542602 36.945057 -16.050 -88.303 -93.669 6.250e+07 2
594 2.090593 28.638864 38.105710 89.256 -248.950 -75.876 6.250e+07 2
595 4.525948 34.229154 36.539822 130.109 -18.157 120.421 6.250e+07 2
596 10.139826 35.643775 36.645931 -5.388 280.354 17.099 6.250e+07 2
597 9.197588 30.057461 38.580966 59.508 92.004 22.218 6.250e+07 2
598 6.457151 39.708177 39.260633 -151.537 -39.207 25.098 6.250e+07 2
599 -5.188731 39.984003 34.677686 -164.603 -56.565 33.785 6.250e+07 2
600 5.405934 34.366729 36.063039 134.677 202.389 -78.055 6.250e+07 2
601 3.248302 37.438425 36.853955 -227.684 -61.175 39.429 6.250e+07 2
602 4.431367 33.752621 36.796295 -30.637 76.067 -100.836 6.250e+07 2
603 4.956644 29.369778 36.314188 46.031 64.934 -52.715 6.250e+07 2
604 2.821503 35.334440 36.906164 83.267 -249.148 -54.368 6.250e+07 2
605 5.737702 32.678984 39.046236 60.710 80.996 71.894 6.250e+07 2
606 7.464790 43.400930 40.103829 -134.420 148.445 34.235 6.250e+07 2
607 7.775186 35.912799 38.078658 21.235 264.853 -16.430 6.250e+07 2
608 4.030533 33.541134 36.246850 -12.982 -64.113 272.953 6.250e+07 2
609 4.031548 34.059672 36.312648 34.061 -186.402 2.290 6.250e+07 2
610 4.088142 33.621608 36.293650 10.430 -45.931 80.372 6.250e+07 2
611 -0.067699 49.221255 37.359784 -150.847 67.355 20.062 6.250e+07 2
612 5.184118 24.915295 36.882451 202.515 51.253 25.262 6.250e+07 2
613 4.260383 34.233031 36.856963 217.945 152.451 90.837 6.250e+07 2
614 8.904415 34.916806 36.688020 71.348 315.059 -44.556 6.250e+07 2
615 -1.117377 31.778643 36.367152 232.074 -66.935 -37.646 6.250e+07 2
616 4.594301 32.698819 36.698115 76.439 82.026 97.182 6.250e+07 2
617 3.526819 32.218516 36.219254 9.047 20.035 107.101 6.250e+07 2
618 4.371334 32.768343 37.211485 188.259 161.495 139.134 6.250e+07 2
619 6.408842 35.347734 39.422249 -363.642 176.771 -85.660 6.250e+07 2
620 5.369430 34.607029 38.498589 5.286 -128.787 -20.484 6.250e+07 2
621 3.619732 32.049441 37.735779 -58.294 -24.912 39.400 6.250e+07 2
622 4.004864 34.513318 36.291132 -182.979 -38.004 2.472 6.250e+07 2
623 2.792237 34.233669 35.946272 -214.497 -182.466 -61.547 6.250e+07 2
624 0.197736 31.465451 36.874937 -118.950 -205.679 82.216 6.250e+07 2
625 4.944417 33.417818 35.213686 -35.790 -153.572 -66.183 6.250e+07 2
626 0.865185 3.632588 36.964201 30.994 66.444 51.433 6.250e+07 2
627 7.336401 33.301626 38.348416 169.199 128.301 104.517 6.250e+07 2
628 5.314227 28.517419 37.879274 173.693 -13.213 105.044 6.250e+07 2
629 0.154862 29.265902 35.255419 241.626 -41.818 121.148 6.250e+07 2
630 7.345270 41.638716 35.498602 -84.690 27.757 -28.637 6.250e+07 2
631 8.592869 33.068892 37.670981 51.859 133.866 27.450 6.250e+07 2
632 8.566599 33.476664 35.679834 13.975 159.380 84.826 6.250e+07 2
633 5.341737 34.430432 38.718486 38.032 103.450 57.964 6.250e+07 2
634 -2.761962 32.142887 38.312590 26.958 -139.432 45.151 6.250e+07 2
635 16.433100 23.700611 37.818089 174.262 89.445 18.821 6.250e+07 2
636 3.591873 36.651898 34.307788 21.539 -36.543 -25.887 6.250e+07 2
637 8.918491 38.885717 37.484021 -199.790 184.159 -66.363 6.250e+07 2
638 4.171127 33.829901 36.568516 -73.212 149.769 174.778 6.250e+07 2
639 3.346800 39.900383 37.749791 -202.733 -39.140 -68.231 6.250e+07 2
640 4.269405 34.383797 37.078518 195.431 119.009 -24.364 6.250e+07 2
641 6.697335 39.261664 37.511152 -232.537 14.970 51.587 6.250e+07 2
642 10.773039 30.129236 37.343929 14.065 183.921 -10.589 6.250e+07 2
643 1.019048 31.657930 38.548456 -79.277 -205.449 -10.198 6.250e+07 2
644 -0.316477 29.507830 38.187069 114.711 60.879 15.497 6.250e+07 2
645 3.423026 37.321586 37.736603 -170.877 -242.179 -63.560 6.250e+07 2
646 4.463014 33.227284 36.302424 144.639 161.436 140.297 6.250e+07 2
647 0.975899 30.316296 34.585514 165.604 -92.993 -48.860 6.250e+07 2
648 -0.001717 27.721268 35.433335 -49.426 -77.006 -40.759 6.250e+07 2
649 1.760442 36.819552 37.722456 -7.558 -176.067 54.628 6.250e+07 2
650 4.937869 34.479633 38.118058 -25.821 -142.758 -27.923 6.250e+07 2
651 10.890601 32.416750 37.749222 -82.844 133.174 39.696 6.250e+07 2
652 15.102100 36.666199 34.071697 -12.125 144.568 101.782 6.250e+07 2
653 5.537982 34.744188 36.594460 -257.096 119.374 23.791 6.250e+07 2
654 6.064422 32.495787 35.094412 -15.914 153.272 134.475 6.250e+07 2
655 9.325705 30.388126 36.778715 -11.184 156.617 74.311 6.250e+07 2
656 8.892112 32.846008 38.992893 213.283 206.490 178.748 6.250e+07 2
657 -34.433358 24.687506 37.921470 -13.681 -19.172 43.403 6.250e+07 2
658 10.604067 35.274457 40.559384 56.758 148.589 144.920 6.250e+07 2
659 3.202321 25.997330 38.839402 102.024 165.367 11.947 6.250e+07 2
660 14.340967 33.140706 38.810189 50.026 134.522 -10.860 6.250e+07 2
661 1.653540 29.422475 37.548137 222.446 -48.389 136.289 6.250e+07 2
662 4.708182 33.172356 37.162164 107.547 229.967 -167.238 6.250e+07 2
663 7.609211 39.816463 37.599022 4.032 187.449 115.227 6.250e+07 2
664 4.473760 33.774375 36.708318 -50.283 16.699 -97.025 6.250e+07 2
665 3.918376 37.651766 35.598929 -159.161 18.942 71.001 6.250e+07 2
666 4.619457 34.081760 37.223154 61.339 -8.003 31.763 6.250e+07 2
667 5.766153 31.226505 36.254906 60.664 -78.271 15.598 6.250e+07 2
668 4.606534 35.499379 37.618327 265.148 -304.123 157.026 6.250e+07 2
669 20.238451 16.059964 47.653902 -88.453 148.663 -45.340 6.250e+07 2
670 5.082005 35.022764 36.893744 198.743 179.032 -51.266 6.250e+07 2
671 5.429004 33.133129 36.995887 70.460 12.041 186.011 6.250e+07 2
672 4.868552 34.549629 38.582013 107.841 59.033 -86.836 6.250e+07 2
673 -1.646357 39.789968 36.497634 -66.380 45.585 0.932 6.250e+07 2
674 4.683691 34.071594 36.509184 155.431 41.652 103.247 6.250e+07 2
675 18.873132 23.157430 39.045290 118.884 74.271 53.969 6.250e+07 2
676 8.273504 32.157772 38.110181 86.456 137.036 195.620 6.250e+07 2
677 3.821801 32.965008 39.309834 120.339 -144.499 -107.446 6.250e+07 2
678 1.601397 39.529203 33.400654 -18.898 -116.398 194.627 6.250e+07 2
679 7.032524 38.618187 36.936311 -81.038 184.041 -103.476 6.250e+07 2
680 4.417117 31.634261 37.685908 132.228 109.718 114.204 6.250e+07 2
681 -4.752412 34.378585 38.457648 -135.003 -28.555 6.366 6.250e+07 2
682 8.236411 32.736419 38.674604 125.125 50.162 -0.785 6.250e+07 2
683 4.121218 33.577201 36.964768 -126.550 -244.239 -45.319 6.250e+07 2
684 5.305629 32.345251 36.339530 78.852 2.201 106.381 6.250e+07 2
685 -6.411165 33.413607 37.029532 20.101 -28.260 51.125 6.250e+07 2
686 5.650742 34.432134 35.627638 8.865 181.146 -145.738 6.250e+07 2
687 12.803726 34.137320 35.373549 57.702 197.087 -25.973 6.250e+07 2
688 4.296936 33.548092 36.621146 184.289 -58.554 202.250 6.250e+07 2
689 4.164399 31.856444 35.161115 180.746 -88.363 84.849 6.250e+07 2
690 5.384244 33.457305 36.155660 60.472 -4.218 40.441 6.250e+07 2
691 7.009730 32.272589 38.266039 112.455 87.385 -103.557 6.250e+07 2
692 -0.698049 32.312297 36.473878 2.167 -111.373 8.817 6.250e+07 2
693 5.276743 34.290268 37.270454 -137.453 175.710 -112.390 6.250e+07 2
694 10.655387 39.353111 33.966229 -114.342 73.278 0.077 6.250e+07 2
695 5.027915 33.441296 37.545647 -9.145 -107.853 30.590 6.250e+07 2
696 1.746942 29.265283 37.358924 158.570 10.087 40.479 6.250e+07 2
697 6.453939 32.832322 36.505347 35.955 208.091 -69.662 6.250e+07 2
698 4.982243 34.242709 36.341231 -89.084 -94.955 169.255 6.250e+07 2
699 2.839810 33.027797 38.672695 177.865 -239.129 49.507 6.250e+07 2
700 6.586571 33.996650 37.331341 40.378 294.033 -59.291 6.250e+07 2
701 11.908620 46.018206 39.077604 -41.761 186.076 31.620 6.250e+07 2
702 6.636923 33.319558 36.651482 1.208 197.510 119.903 6.250e+07 2
703 3.969338 33.316059 35.992735 -133.184 120.750 20.737 6.250e+07 2
704 0.527069 33.433576 37.737750 98.013 -133.162 40.430 6.250e+07 2
705 43.686719 -20.379306 30.029290 31.035 28.689 48.541 6.250e+07 2
706 -1.019772 29.274928 37.587769 137.286 -78.453 -13.298 6.250e+07 2
707 5.277585 32.085638 36.165471 271.095 -20.181 56.293 6.250e+07 2
708 3.900427 32.786471 36.632662 76.934 -50.071 63.696 6.250e+07 2
709 3.683003 33.282556 36.247479 45.345 64.544 -77.783 6.250e+07 2
710 4.868642 33.472288 37.780187 124.134 -75.473 24.922 6.250e+07 2
711 0.983896 35.381064 36.916555 62.479 49.831 17.388 6.250e+07 2
712 5.876956 33.573846 36.792989 1.801 7.515 142.784 6.250e+07 2
713 4.280926 35.852752 37.153637 -163.148 -100.822 135.373 6.250e+07 2
714 6.638463 25.420814 37.770323 189.398 138.755 11.199 6.250e+07 2
715 4.654631 34.792204 37.133877 197.701 -181.480 -94.480 6.250e+07 2
716 3.403487 34.006924 36.997117 -46.893 -84.875 38.504 6.250e+07 2
717 0.132027 37.209911 35.571513 -97.781 -205.668 91.244 6.250e+07 2
718 4.344654 25.080776 37.250225 141.878 61.515 -106.091 6.250e+07 2
719 4.858202 32.818398 37.531077 -12.706 -8.479 -193.692 6.250e+07 2
720 -0.973992 29.528366 37.182965 181.983 -99.561 -43.527 6.250e+07 2
721 7.025908 36.351574 37.125442 -94.736 190.826 130.895 6.250e+07 2
722 4.336624 34.507569 37.131645 217.740 -94.886 -149.252 6.250e+07 2
723 7.988817 139.837513 22.667587 0.526 -96.015 40.714 6.250e+07 2
724 5.244357 37.901259 36.167953 -221.601 -109.568 -24.762 6.250e+07 2
725 4.744152 33.606124 36.770843 39.864 61.438 -151.584 6.250e+07 2
726 4.955256 35.174055 36.873693 -158.497 33.963 -22.421 6.250e+07 2
727 4.816596 33.736381 37.549878 276.157 -145.535 133.767 6.250e+07 2
728 5.332544 36.341676 36.040315 -19.141 19.859 57.572 6.250e+07 2
729 2.820761 35.049167 39.663525 -175.706 -99.299 -78.771 6.250e+07 2
730 -0.237424 30.788572 35.087211 73.405 -54.977 -49.007 6.250e+07 2
731 6.466858 37.177827 34.007908 -277.106 132.676 11.799 6.250e+07 2
732 13.953928 27.676175 35.546784 128.126 134.674 -33.378 6.250e+07 2
733 -0.344348 34.498698 37.902130 88.738 -233.376 -25.019 6.250e+07 2
734 2.918162 39.516699 38.010191 -144.690 -101.211 31.509 6.250e+07 2
735 14.847653 16.163674 38.472597 6.586 104.997 15.614 6.250e+07 2
736 6.073266 36.121387 37.384136 33.797 198.554 42.725 6.250e+07 2
737 5.195404 37.728843 39.232403 -177.637 79.765 22.857 6.250e+07 2
738 -2.380238 53.600130 39.867307 106.109 -205.403 -17.827 6.250e+07 2
739 2.741847 33.444725 36.774005 68.302 70.619 81.123 6.250e+07 2
740 4.880548 32.897407 37.279372 201.700 19.834 115.738 6.250e+07 2
741 6.196158 34.433881 38.544365 -27.520 26.843 -37.611 6.250e+07 2
742 5.404151 30.777558 37.025878 243.075 23.948 -19.318 6.250e+07 2
743 -6.804583 26.925809 36.631787 108.671 -101.530 35.314 6.250e+07 2
744 6.433891 25.016312 38.345183 191.375 38.087 13.408 6.250e+07 2
745 5.547477 32.382415 35.204857 161.360 148.314 -39.800 6.250e+07 2
746 4.872321 33.346021 38.039266 -112.959 200.481 -128.035 6.250e+07 2
747 3.932797 31.092794 37.833548 222.523 -113.146 78.346 6.250e+07 2
748 3.993817 33.227876 36.250937 -61.435 -17.073 -131.674 6.250e+07 2
749 6.197793 36.572771 36.888135 -256.570 89.778 -4.889 6.250e+07 2
750 13.095460 32.343890 32.484906 63.122 117.331 -13.586 6.250e+07 2
751 0.671412 34.942254 37.474455 -200.138 58.639 287.544 6.250e+07 2
752 4.609445 34.806262 35.963275 1.749 -40.593 -32.778 6.250e+07 2
753 34.217152 19.953539 41.483050 81.800 36.345 58.262 6.250e+07 2
754 4.444328 36.247914 36.353374 -77.706 106.753 -170.444 6.250e+07 2
755 5.580146 36.749078 36.323536 -54.322 2.433 19.004 6.250e+07 2
756 17.099939 29.303021 35.973109 23.395 203.634 32.778 6.250e+07 2
757 5.100367 40.040475 33.835728 -114.495 74.347 73.923 6.250e+07 2
758 4.467657 34.641465 36.556382 -123.709 245.418 78.112 6.250e+07 2
759 5.209019 32.938482 37.066627 -31.076 20.200 101.214 6.250e+07 2
760 4.945929 33.159781 37.746519 71.615 -67.098 -27.816 6.250e+07 2
761 5.350818 36.316178 35.886123 -114.048 -133.737 108.521 6.250e+07 2
762 4.332685 35.844846 36.411708 39.469 160.667 -56.728 6.250e+07 2
763 5.347089 34.033225 36.205687 63.982 80.467 8.180 6.250e+07 2
764 4.901064 33.235745 37.167922 49.118 173.685 24.002 6.250e+07 2
765 4.371277 34.678380 38.697144 -56.553 -26.634 110.090 6.250e+07 2
766 4.031191 33.988267 38.070920 -28.125 145.381 95.022 6.250e+07 2
767 7.212979 32.286013 38.811560 161.826 187.867 -26.386 6.250e+07 2
768 5.168108 33.814855 38.020433 -37.147 35.299 11.704 6.250e+07 2
769 5.723687 38.035565 34.561363 -257.861 -24.204 70.894 6.250e+07 2
770 2.627170 41.842073 36.531582 -166.145 -19.026 43.717 6.250e+07 2
771 3.438410 33.997437 36.898588 66.754 -184.667 68.132 6.250e+07 2
772 4.600914 32.688470 36.943471 6.565 7.152 96.042 6.250e+07 2
773 1.603685 11.650192 36.706858 -33.549 -237.227 40.554 6.250e+07 2
774 5.711288 35.933947 38.530049 -207.175 -208.585 -26.926 6.250e+07 2
775 7.300498 34.832032 36.755371 -153.183 154.950 115.491 6.250e+07 2
776 9.899101 38.558507 36.218661 -241.514 174.684 5.531 6.250e+07 2
777 4.959303 33.765049 36.264361 195.731 26.478 -244.260 6.250e+07 2
778 2634.283286 3099.344324 73.427011 1831.397 2154.782 51.263 6.250e+07 2
779 4.930862 34.267812 37.741870 123.949 -66.868 260.879 6.250e+07 2
780 4.203104 34.650477 36.955778 -182.397 -10.349 -36.185 6.250e+07 2
781 323.321297 227.131944 26.131208 221.855 149.518 31.488 6.250e+07 2
782 2.907746 39.688691 36.641079 -160.153 66.688 111.037 6.250e+07 2
783 1.024327 38.110286 38.957335 -59.381 -92.837 -65.463 6.250e+07 2
784 5.367715 33.364196 37.208382 52.582 269.292 355.754 6.250e+07 2
785 3.524749 38.273447 34.857209 -137.334 91.169 -84.522 6.250e+07 2
786 5.784167 31.734578 37.033394 184.305 -29.396 -155.601 6.250e+07 2
787 5.241283 33.238172 36.627067 -131.757 141.622 117.034 6.250e+07 2
788 4.708829 36.673623 35.909517 -89.369 138.160 81.929 6.250e+07 2
789 4.726970 31.393121 36.437227 165.832 169.221 -48.536 6.250e+07 2
790 5.265662 33.253121 37.243732 11.623 4.160 26.375 6.250e+07 2
791 4.870155 32.219898 38.076640 214.232 38.555 -23.096 6.250e+07 2
792 2.695986 33.081479 37.820250 126.840 -87.384 34.573 6.250e+07 2
793 18.504731 34.557664 36.125234 23.991 137.302 -3.907 6.250e+07 2
794 8.599058 38.026353 35.001468 95.386 191.324 -142.520 6.250e+07 2
795 -13.305519 77.645163 60.910063 47.439 -49.160 -28.218 6.250e+07 2
796 -0.044786 33.764230 36.416723 64.593 -210.376 16.201 6.250e+07 2
797 3.650044 35.980720 36.338822 -155.151 -63.374 -67.304 6.250e+07 2
798 2.981534 27.738494 35.919958 228.150 64.888 -27.052 6.250e+07 2
799 3.794904 32.373241 36.054758 136.399 69.689 61.775 6.250e+07 2
800 5.592307 34.978574 35.227097 -99.085 177.697 -45.291 6.250e+07 2
801 2.805439 36.996612 36.151285 -135.104 -122.678 155.161 6.250e+07 2
802 13.584533 49.246775 37.407331 -80.845 190.900 20.770 6.250e+07 2
803 5.887621 30.900124 35.773439 238.016 43.021 28.704 6.250e+07 2
804 10.694169 30.343874 37.413956 52.620 205.804 -23.163 6.250e+07 2
805 18.390374 34.578381 36.122779 22.811 143.866 42.147 6.250e+07 2
806 1.773037 28.291489 37.338866 186.679 137.743 94.619 6.250e+07 2
807 3.043193 33.630265 37.856713 37.066 -347.193 82.027 6.250e+07 2
808 4.094625 27.313549 38.445756 182.031 -74.180 -61.937 6.250e+07 2
809 4.268143 32.427616 36.432558 68.462 98.455 95.216 6.250e+07 2
810 5.597783 33.698036 37.312972 39.185 226.292 58.920 6.250e+07 2
811 3.657133 39.442922 38.492354 -170.208 -77.498 6.776 6.250e+07 2
812 4.788425 32.418318 36.987584 81.065 -51.723 62.439 6.250e+07 2
813 4.970164 35.319951 37.048974 -203.280 -46.732 -95.036 6.250e+07 2
814 3.758471 37.630825 38.244008 -136.989 242.159 -17.001 6.250e+07 2
815 8.384787 33.635855 33.446935 -68.261 112.994 151.773 6.250e+07 2
816 0.876390 3.665077 36.840744 23.216 98.750 63.777 6.250e+07 2
817 5.547568 33.474714 36.722308 183.478 111.238 -68.007 6.250e+07 2
818 3.235007 33.903361 34.802060 209.846 -68.393 -13.780 6.250e+07 2
819 1.240744 32.402135 38.110756 89.140 -65.321 -43.685 6.250e+07 2
820 17.028252 31.657109 37.103807 36.278 177.972 38.107 6.250e+07 2
821 -3.680827 30.090612 37.367741 -132.520 -187.675 -10.819 6.250e+07 2
822 2.075381 32.927446 40.490457 43.881 -126.537 -8.047 6.250e+07 2
823 4.695602 30.629729 37.248202 28.076 -3.263 145.460 6.250e+07 2
824 3.262606 34.518865 35.077142 -205.959 -29.112 20.926 6.250e+07 2
825 3.426919 34.510122 36.877403 -62.116 -98.694 170.249 6.250e+07 2
826 4.086108 35.357081 37.828295 -108.526 -111.239 -91.673 6.250e+07 2
827 19.064213 29.472162 36.156312 22.352 183.575 56.480 6.250e+07 2
828 9.268376 35.010990 35.636735 -179.104 209.587 -15.241 6.250e+07 2
829 4.388702 32.869985 36.907244 149.110 120.010 83.479 6.250e+07 2
830 10.780073 38.320072 36.859280 -47.780 209.925 -75.574 6.250e+07 2
831 5.390975 35.541884 37.519360 8.309 229.807 -115.786 6.250e+07 2
832 6.071587 33.505635 36.588585 38.473 -97.583 56.449 6.250e+07 2
833 3.211233 36.877714 37.592551 -112.305 -90.458 -0.190 6.250e+07 2
834 1.937419 29.944327 39.616445 174.727 -33.836 112.933 6.250e+07 2
835 85.235747 681.272062 -91.258191 52.203 416.081 -52.614 6.250e+07 2
836 -2.391141 37.725327 39.849971 37.499 -96.754 19.927 6.250e+07 2
837 7.134771 39.115733 39.994228 -74.069 -86.357 8.970 6.250e+07 2
838 2.778723 35.763137 37.216372 76.851 -211.887 110.371 6.250e+07 2
839 5.702629 33.656508 37.933027 -55.029 197.234 1.731 6.250e+07 2
840 5.248704 38.321886 38.805658 -173.797 145.620 18.520 6.250e+07 2
841 -2.831062 37.299263 38.120950 69.921 -146.035 -98.584 6.250e+07 2
842 4.601087 34.844487 35.832647 78.755 -62.825 25.890 6.250e+07 2
843 5.057556 34.998563 37.196845 63.877 223.863 -196.063 6.250e+07 2
844 5.300126 34.584484 38.851767 4.394 251.532 236.606 6.250e+07 2
845 5.731849 30.414619 32.234745 10.916 20.084 -35.171 6.250e+07 2
846 -0.340860 34.866007 35.137813 50.206 -179.122 38.873 6.250e+07 2
847 4.565528 33.779718 36.637974 -27.715 -52.980 -92.500 6.250e+07 2
848 -7.532245 35.910230 38.892476 68.228 -76.077 12.658 6.250e+07 2
849 2.493465 34.164591 37.737022 -77.477 -54.227 61.917 6.250e+07 2
850 5.460718 34.931607 36.373148 -177.132 279.424 -158.656 6.250e+07 2
851 0.836592 30.150538 37.414987 111.182 -33.030 -51.089 6.250e+07 2
852 11.305310 33.122754 34.602099 -11.252 105.485 66.591 6.250e+07 2
853 3.080950 29.066157 34.504966 49.318 -54.348 52.613 6.250e+07 2
854 2.588792 34.942605 37.073735 -177.718 -109.755 32.589 6.250e+07 2
855 4.466085 30.965924 37.581192 -82.274 147.631 -49.826 6.250e+07 2
856 6.748653 31.681005 36.188226 -21.394 131.851 50.730 6.250e+07 2
857 -4.328936 34.530355 36.886286 -77.983 -89.051 -10.492 6.250e+07 2
858 7.017057 32.704581 38.241409 111.126 137.099 -110.438 6.250e+07 2
859 4.341143 33.819201 36.442658 238.793 7.286 -7.944 6.250e+07 2
860 4.017444 37.442426 37.144237 -148.778 11.726 25.194 6.250e+07 2
861 4.706019 34.262514 36.340848 -132.843 2.724 145.455 6.250e+07 2
862 4.903741 36.213345 37.539870 13.379 -182.024 -106.949 6.250e+07 2
863 712.623560 344.790270 -7.229139 448.398 218.987 -2.164 6.250e+07 2
864 4.260548 34.278664 36.149571 26.846 24.357 110.613 6.250e+07 2
865 4.357666 33.665407 36.625332 75.917 -79.514 -87.737 6.250e+07 2
866 -201.644268 -1376.985025 14.768031 -136.226 -930.665 10.730 6.250e+07 2
867 8.267446 25.051791 37.035650 177.366 282.357 15.866 6.250e+07 2
868 4.909805 34.490486 37.528788 96.880 201.591 -87.532 6.250e+07 2
869 5.342184 33.182742 36.422626 5.760 117.207 135.918 6.250e+07 2
870 4.527962 35.271503 36.496058 -5.685 173.815 -194.264 6.250e+07 2
871 8.213460 33.367490 36.153339 96.780 64.097 153.001 6.250e+07 2
872 4.538839 33.139691 36.334776 77.108 109.385 -81.538 6.250e+07 2
873 4.187757 36.428928 37.212210 -27.962 -131.272 -55.294 6.250e+07 2
874 3.615486 37.534343 38.978262 -185.778 -7.001 122.297 6.250e+07 2
875 -0.169103 30.832829 37.576371 290.930 -57.466 97.584 6.250e+07 2
876 7.219948 29.084065 36.056110 21.103 194.784 22.573 6.250e+07 2
877 5.191144 36.517903 37.984083 -347.008 118.722 -35.548 6.250e+07 2
878 4.190324 34.493456 36.583658 36.840 43.129 -1.937 6.250e+07 2
879 5.573095 42.090473 36.892356 -151.066 226.801 65.874 6.250e+07 2
880 5.078849 34.636031 38.485465 -15.493 292.275 -2.432 6.250e+07 2
881 5.480491 39.869392 38.421512 -114.519 60.276 44.399 6.250e+07 2
882 4.754997 34.347245 37.340763 147.091 -76.218 -4.104 6.250e+07 2
883 8.618245 31.163178 37.521745 72.577 96.074 18.140 6.250e+07 2
884 3.248018 31.861448 38.049913 60.259 -111.429 -25.230 6.250e+07 2
885 6.128177 34.835592 37.895738 -109.001 -9.519 -41.844 6.250e+07 2
886 4.002989 34.632471 37.613446 -154.894 -115.071 32.378 6.250e+07 2
887 2.248570 27.368490 37.476883 199.164 12.233 111.627 6.250e+07 2
888 11.358730 36.101980 37.190419 -71.671 278.856 -58.439 6.250e+07 2
889 5.660525 34.605767 36.709702 98.356 173.078 -118.334 6.250e+07 2
890 0.797839 3.577257 37.021564 76.474 92.217 -38.455 6.250e+07 2
891 5.526089 35.045641 36.727965 -41.001 39.057 228.608 6.250e+07 2
892 2.569239 31.500666 36.733887 287.334 81.804 101.830 6.250e+07 2
893 5.157100 34.126128 36.349904 -195.581 -81.726 12.582 6.250e+07 2
894 3.414506 35.845342 35.765572 -60.731 25.185 57.184 6.250e+07 2
895 2.594462 35.119840 36.940394 14.125 -260.724 -18.158 6.250e+07 2
896 7.788526 35.438872 37.131373 32.908 33.521 117.907 6.250e+07 2
897 -0.411637 37.320913 34.927563 -54.322 -85.768 98.969 6.250e+07 2
898 6.575108 35.584418 36.883286 -54.863 226.279 18.892 6.250e+07 2
899 4.430604 33.728145 35.670090 -144.621 -29.471 49.139 6.250e+07 2
900 4.340465 33.709259 36.501112 16.711 193.611 168.274 6.250e+07 2
901 2.593409 35.409076 36.337487 -66.942 -197.020 97.027 6.250e+07 2
902 9.179581 31.231989 39.265953 -86.419 275.121 -48.780 6.250e+07 2
903 -1.385967 31.903964 35.989647 -52.640 -121.122 41.402 6.250e+07 2
904 14.474706 30.180734 35.001952 152.227 168.371 -49.116 6.250e+07 2
905 8.581467 32.305613 37.044297 268.880 97.377 33.400 6.250e+07 2
906 4.049999 36.354050 37.018934 -174.751 28.337 -24.954 6.250e+07 2
907 5.694818 31.711312 35.944554 90.990 22.765 107.105 6.250e+07 2
908 6.839693 32.258500 37.335921 58.631 167.412 -12.528 6.250e+07 2
909 6.352008 32.060941 37.321285 265.986 196.327 -15.097 6.250e+07 2
910 5.199118 29.287241 38.066348 198.470 -220.011 44.267 6.250e+07 2
911 5.834072 34.150824 37.101566 3.327 176.039 -45.845 6.250e+07 2
912 4.650057 30.011792 36.439615 180.049 36.079 91.220 6.250e+07 2
913 3.071471 31.000693 36.472272 -156.150 -297.465 107.918 6.250e+07 2
914 8.187391 35.230472 37.199086 67.979 195.603 -38.270 6.250e+07 2
915 6.736566 33.570288 36.355012 12.220 224.838 -63.934 6.250e+07 2
916 -4.955759 22.645356 36.145747 -7.985 -190.998 48.375 6.250e+07 2
917 10.404390 33.252800 36.375018 31.015 186.128 84.346 6.250e+07 2
918 1.008336 35.334969 34.635096 -45.677 -123.714 46.032 6.250e+07 2
919 3.971241 35.972108 38.700428 -102.734 -225.423 35.410 6.250e+07 2
920 2.164548 30.464447 39.709383 30.130 4.831 -16.203 6.250e+07 2
921 224.732518 178.923033 -72.501662 68.908 64.948 -8.320 6.250e+07 2
922 -3.053530 32.641261 36.565627 69.494 -131.387 56.863 6.250e+07 2
923 47.933520 46.560344 41.971777 61.716 43.528 55.281 6.250e+07 2
924 9.089585 30.321166 37.271996 91.225 267.491 -79.908 6.250e+07 2
925 1.482050 32.178271 37.225921 142.772 -143.336 24.217 6.250e+07 2
926 2.785413 35.890856 37.364599 -70.785 -166.692 197.462 6.250e+07 2
927 5.032232 33.543313 37.327806 188.952 -28.559 62.485 6.250e+07 2
928 2.415789 34.755221 36.643255 -178.286 -114.886 28.071 6.250e+07 2
929 3.599338 36.532387 37.032608 -18.234 -144.808 64.934 6.250e+07 2
930 4.721554 33.933924 37.529863 116.566 136.895 -119.962 6.250e+07 2
931 7.819871 33.869291 36.496320 -148.366 229.342 -30.565 6.250e+07 2
932 6.292228 33.823625 38.025674 -25.979 172.779 -65.120 6.250e+07 2
933 4.403589 33.233215 38.299053 37.045 29.786 -102.751 6.250e+07 2
934 6.624505 30.287891 37.746916 143.007 231.896 7.531 6.250e+07 2
935 4.185208 37.495724 37.642710 -137.450 -96.260 1.323 6.250e+07 2
936 6.556957 38.676492 37.107849 -270.724 123.196 75.925 6.250e+07 2
937 4.936419 32.510008 36.714747 -15.094 -69.328 -19.519 6.250e+07 2
938 8.030971 37.703104 37.156530 -258.277 142.698 38.196 6.250e+07 2
939 -3.631879 42.480490 28.309428 -57.575 10.902 3.491 6.250e+07 2
940 12.301952 26.050189 36.945312 200.545 126.560 17.761 6.250e+07 2
941 1.896103 29.692357 33.441201 27.103 -123.503 43.617 6.250e+07 2
942 3.641019 36.312102 37.429832 -223.377 -49.356 -1.978 6.250e+07 2
943 6.779891 37.386479 36.468629 -182.643 164.667 -2.229 6.250e+07 2
944 4.221707 32.361685 37.050151 44.617 -44.439 -73.620 6.250e+07 2
945 3.538359 34.091786 36.182157 -282.619 119.511 -13.835 6.250e+07 2
946 10.573569 34.771477 37.235445 -14.814 217.110 65.373 6.250e+07 2
947 0.684397 34.439607 37.815204 120.800 5.289 -53.415 6.250e+07 2
948 3.293137 33.587558 37.200240 145.344 -190.804 125.252 6.250e+07 2
949 -0.164530 49.180421 37.273303 -129.701 69.491 31.668 6.250e+07 2
950 4.853059 34.726205 37.960927 -94.148 -49.747 124.371 6.250e+07 2
951 10.396967 26.686785 36.246258 83.574 144.280 67.407 6.250e+07 2
952 5.017403 34.669767 36.603183 -103.809 243.097 179.317 6.250e+07 2
953 5.449725 34.831102 37.659247 -75.368 59.893 85.312 6.250e+07 2
954 7.203083 29.895522 36.419812 58.700 119.854 24.289 6.250e+07 2
955 2.476380 35.479336 36.868405 48.604 -236.330 -3.445 6.250e+07 2
956 5.440311 34.402258 36.504895 -134.169 289.198 272.398 6.250e+07 2
957 4.235487 34.099134 36.977643 87.604 221.012 183.204 6.250e+07 2
958 2.959586 35.129742 35.414990 -166.817 145.697 -193.619 6.250e+07 2
959 4.578354 32.717193 38.809792 180.986 -102.951 -9.094 6.250e+07 2
960 17.463532 46.633352 39.769713 -214.263 1.713 14.717 6.250e+07 2
961 2.619482 33.913554 37.207582 90.820 -3.874 87.121 6.250e+07 2
962 4.862135 33.011743 36.374299 87.059 -5.693 -74.538 6.250e+07 2
963 5.564170 40.105202 36.678483 25.477 136.018 -36.637 6.250e+07 2
964 11.844355 30.937464 37.766951 7.256 135.109 -29.255 6.250e+07 2
965 1.134831 3.867835 37.284928 65.506 83.269 -14.447 6.250e+07 2
966 9.515511 39.905677 37.782366 -238.049 33.175 34.187 6.250e+07 2
967 5.349666 34.736833 38.230980 81.143 181.923 55.984 6.250e+07 2
968 2.069503 25.109690 36.246082 50.710 -181.560 -17.822 6.250e+07 2
969 8.550806 30.280658 36.022417 196.877 156.682 -70.212 6.250e+07 2
970 6.281270 36.994553 38.877937 -86.593 177.347 -36.265 6.250e+07 2
971 1.783507 33.747105 37.839380 -67.977 -100.211 25.534 6.250e+07 2
972 4.489118 32.957572 37.560188 -7.376 13.962 74.285 6.250e+07 2
973 11.563947 35.575870 36.320507 89.370 190.559 -16.096 6.250e+07 2
974 -7.147769 39.303127 36.269976 -61.267 -107.563 24.838 6.250e+07 2
975 8.419516 30.389192 35.954959 100.249 215.158 37.302 6.250e+07 2
976 4.095836 33.509208 35.519777 83.956 -72.737 -21.569 6.250e+07 2
977 8.190690 30.200841 37.982108 135.100 153.461 11.874 6.250e+07 2
978 -519.332146 241.051370 137.746451 -299.637 142.678 84.835 6.250e+07 2
979 -2.433338 32.405605 37.444034 114.344 -165.602 5.892 6.250e+07 2
980 5.457606 30.248535 38.714553 248.133 235.009 0.990 6.250e+07 2
981 2.870829 33.687790 37.273557 19.307 -145.346 32.130 6.250e+07 2
982 8.157500 33.780137 37.369662 -73.093 231.690 -125.758 6.250e+07 2
983 5.496261 40.183515 36.278894 -155.154 79.999 40.253 6.250e+07 2
984 3.920073 36.011852 38.044177 110.713 6.689 4.995 6.250e+07 2
985 0.220504 33.459589 38.496745 -29.176 -123.386 51.061 6.250e+07 2
986 4.700909 35.298781 37.814987 25.675 10.937 -60.772 6.250e+07 2
987 2.739791 32.995501 34.035956 103.213 -66.837 191.266 6.250e+07 2
988 4.325729 35.111210 35.236614 -160.009 118.705 -165.962 6.250e+07 2
989 5.905580 37.921844 38.993506 -138.956 95.487 41.791 6.250e+07 2
990 3.797653 35.335375 35.766332 21.998 33.183 7.898 6.250e+07 2
991 323.418862 227.482039 26.193263 206.699 155.555 5.643 6.250e+07 2
992 6.060459 36.890591 36.865321 -41.471 -99.987 -30.159 6.250e+07 2
993 7.906710 31.349277 39.007965 -30.673 119.564 24.612 6.250e+07 2
994 7.788058 41.265492 36.288738 -71.288 -61.299 140.017 6.250e+07 2
995 6.086553 32.864306 37.272995 121.643 243.857 -85.357 6.250e+07 2
996 4.937125 34.235343 36.954427 188.563 52.802 87.648 6.250e+07 2
997 3.551802 39.038314 36.929411 -277.185 -143.512 14.912 6.250e+07 2
998 1.388302 36.982943 36.851637 -136.689 2.673 10.060 6.250e+07 2
999 4.430428 34.885983 37.327112 40.303 -6.439 -153.051 6.250e+07 2
