# MOND N-body snapshot at t = 0.800 Gyr
# id x(kpc) y(kpc) z(kpc) vx(km/s) vy(km/s) vz(km/s) mass(M_sun) type
0 -5.660418 -7.264604 18.087012 77.568 110.271 -200.722 5.000e+07 1
1 -6.479515 -9.275725 17.098084 53.570 81.998 57.161 5.000e+07 1
2 -2.994940 -13.442530 15.744129 -25.759 -16.474 -8.944 5.000e+07 1
3 -5.765354 -13.463963 26.030555 -12.426 -82.819 79.031 5.000e+07 1
4 -4.551019 -6.352590 16.466011 82.574 73.204 -32.619 5.000e+07 1
5 -12.957474 1.513851 18.079072 52.903 -72.241 -17.679 5.000e+07 1
6 -5.752662 -6.740145 20.400510 -10.290 41.549 -64.566 5.000e+07 1
7 -7.974514 -5.197536 16.962101 -62.127 155.588 -147.266 5.000e+07 1
8 -8.438273 -8.534574 18.912581 -171.247 443.360 234.520 5.000e+07 1
9 -16.928509 -1.194818 16.693740 208.343 -214.753 98.788 5.000e+07 1
10 -7.883300 -6.153559 17.943957 -58.024 -56.872 154.574 5.000e+07 1
11 -7.271815 -8.908758 17.805890 -35.648 86.750 10.616 5.000e+07 1
12 -6.784513 -8.066432 15.568051 1.502 -59.895 13.387 5.000e+07 1
13 -2.609458 -3.196731 19.242292 -114.648 6.673 103.025 5.000e+07 1
14 -8.458993 -8.107585 17.608263 -147.356 -137.930 173.423 5.000e+07 1
15 -7.568634 -7.367648 17.665204 -158.879 207.626 -38.506 5.000e+07 1
16 -7.312822 -5.666576 18.192790 -132.125 188.261 194.802 5.000e+07 1
17 -14.779031 -2.234182 16.826988 -157.967 27.806 55.297 5.000e+07 1
18 -7.009346 -8.812787 15.691615 56.772 -275.507 82.251 5.000e+07 1
19 -13.712947 -4.048673 17.003220 -59.898 -132.167 138.482 5.000e+07 1
20 -6.707510 -8.795293 17.600084 -93.963 -149.604 28.367 5.000e+07 1
21 -7.426476 -4.769086 16.800234 -81.194 227.793 11.031 5.000e+07 1
22 -6.698787 -7.307448 17.380518 -254.781 273.574 124.864 5.000e+07 1
23 -9.872931 -7.767698 23.677579 27.278 81.335 48.382 5.000e+07 1
24 -4.507601 3.334674 4.188288 17.167 22.066 6.523 5.000e+07 1
25 -6.997605 -11.987279 18.483216 213.710 -17.296 106.295 5.000e+07 1
26 350.817617 -197.055548 359.436805 -35.269 19.266 -21.758 5.000e+07 1
27 -7.855682 -5.848669 18.202541 -224.574 8.885 142.098 5.000e+07 1
28 -11.202987 -5.386850 18.465080 14.012 -170.963 -121.644 5.000e+07 1
29 -7.378216 -4.475138 15.788324 -54.201 -6.113 86.419 5.000e+07 1
30 -8.372430 -8.968794 20.561639 20.225 68.898 -12.176 5.000e+07 1
31 -8.576408 -7.903678 17.121309 311.209 -143.100 -94.068 5.000e+07 1
32 -3.957351 -10.865941 19.325406 22.982 -17.224 -31.814 5.000e+07 1
33 -8.676337 -8.605496 17.081627 -169.873 -98.972 -113.552 5.000e+07 1
34 -8.835164 -3.763645 17.635839 89.782 -249.024 194.053 5.000e+07 1
35 -2.299470 -7.710355 15.417062 190.286 102.238 71.417 5.000e+07 1
36 -7.537639 -6.789284 17.801727 -131.798 341.925 98.842 5.000e+07 1
37 -15.259818 3.700796 9.351991 -249.951 219.084 -145.951 5.000e+07 1
38 -7.441496 -8.161614 16.545518 -14.311 -156.094 19.811 5.000e+07 1
39 -7.203621 -7.795292 18.209110 -13.477 71.268 79.757 5.000e+07 1
40 -1.473875 -12.946319 16.618671 133.667 80.240 37.876 5.000e+07 1
41 -7.326900 -6.747614 17.387287 -24.917 279.448 66.125 5.000e+07 1
42 -8.241113 -6.332489 16.708004 -247.721 -38.591 -99.510 5.000e+07 1
43 -7.262037 -7.415007 18.031393 31.199 363.145 -78.933 5.000e+07 1
44 -7.833061 -7.608429 18.647508 -32.818 -85.548 75.067 5.000e+07 1
45 -12.574286 -8.131366 17.358987 160.220 -99.467 -8.928 5.000e+07 1
46 -8.093292 -7.365329 17.843668 -141.215 103.411 -46.128 5.000e+07 1
47 -8.920613 -0.362024 17.903558 33.827 -181.495 126.650 5.000e+07 1
48 -4.292340 -8.621749 17.421966 -46.569 195.002 -16.346 5.000e+07 1
49 -8.480379 -6.548603 18.464624 -0.860 -20.963 -24.102 5.000e+07 1
50 -6.118049 -7.607007 17.796590 -140.461 137.143 223.818 5.000e+07 1
51 -7.662831 -6.397140 19.123913 50.463 -24.400 -181.579 5.000e+07 1
52 -8.677491 -7.218386 18.067468 -37.606 -172.632 123.168 5.000e+07 1
53 -7.861785 -8.158400 17.145860 165.663 131.531 -103.452 5.000e+07 1
54 -8.642618 -6.697098 18.213594 52.819 50.204 315.208 5.000e+07 1
55 -3.189686 -11.007363 18.546492 68.071 0.486 -82.957 5.000e+07 1
56 -6.077607 -8.619916 18.457684 197.602 48.842 -119.201 5.000e+07 1
57 -13.778946 -44.515822 -30.822536 -11.513 -80.590 -24.016 5.000e+07 1
58 -10.198846 -3.059817 14.614290 67.259 -122.326 89.831 5.000e+07 1
59 -52.521837 -37.447852 23.874614 47.960 38.352 18.225 5.000e+07 1
60 -10.754932 -9.511229 15.346120 -181.868 -112.227 -64.729 5.000e+07 1
61 -6.471873 -7.395337 17.706839 -82.846 137.787 110.575 5.000e+07 1
62 -2.565510 -5.706638 18.062864 -133.945 65.100 43.508 5.000e+07 1
63 -10.347916 -7.296030 17.048797 119.798 -331.114 -135.484 5.000e+07 1
64 -8.548548 -7.588623 15.488974 -10.194 -189.689 40.748 5.000e+07 1
65 -6.402234 -11.192052 20.202591 141.642 70.772 96.035 5.000e+07 1
66 -7.280605 -8.049269 18.153008 56.987 -142.745 190.122 5.000e+07 1
67 -8.814542 -7.390567 17.248618 -54.580 -81.967 -18.266 5.000e+07 1
68 -7.235882 -8.363298 18.303297 342.237 15.886 80.563 5.000e+07 1
69 -9.847829 -6.951242 16.647321 18.295 -24.087 121.960 5.000e+07 1
70 -10.541701 -4.929138 18.417040 22.601 -74.739 22.692 5.000e+07 1
71 -9.078701 -6.082911 16.699648 37.428 -244.918 -131.945 5.000e+07 1
72 -9.388845 -6.826112 18.461065 -79.474 38.485 -55.465 5.000e+07 1
73 -33.325803 -27.156336 7.391386 -176.228 -137.317 -66.842 5.000e+07 1
74 6.299319 -3.270835 20.377284 -131.349 8.501 21.255 5.000e+07 1
75 -7.853405 -7.167627 17.633628 84.894 -273.079 69.209 5.000e+07 1
76 -9.140496 -7.811766 18.731694 100.045 11.196 136.426 5.000e+07 1
77 -7.491273 -3.282962 18.713184 -78.478 -105.366 -23.754 5.000e+07 1
78 -8.720096 -10.383899 19.569721 26.575 14.854 217.202 5.000e+07 1
79 -7.553016 -21.508722 21.205292 -12.043 48.173 95.372 5.000e+07 1
80 5.595720 -7.189358 8.632815 -93.259 -1.607 138.800 5.000e+07 1
81 -6.309886 -7.807884 17.371530 46.779 -3.639 21.185 5.000e+07 1
82 -8.783993 -8.128159 19.627945 55.258 42.981 9.694 5.000e+07 1
83 -8.634242 -5.736781 17.919419 8.766 -94.752 18.230 5.000e+07 1
84 -10.952728 -10.892760 22.496995 -45.182 26.618 61.637 5.000e+07 1
85 -8.105842 -5.980176 17.583467 -240.515 -183.591 7.499 5.000e+07 1
86 -6.650572 -5.990781 18.288764 -192.108 -75.142 -110.644 5.000e+07 1
87 -0.694866 -13.684712 14.492764 81.753 -79.280 -81.885 5.000e+07 1
88 -6.891755 -6.983674 18.146380 47.293 155.276 -278.021 5.000e+07 1
89 -7.317799 -8.199716 17.357996 168.538 50.562 -116.973 5.000e+07 1
90 -6.161230 -8.273522 18.977433 78.939 10.588 149.806 5.000e+07 1
91 -8.712563 -7.225802 17.387769 -287.281 51.388 261.042 5.000e+07 1
92 -8.915063 -6.820338 15.844047 -129.673 67.677 -118.163 5.000e+07 1
93 -9.025604 -3.500715 18.073488 -100.659 -120.276 3.148 5.000e+07 1
94 -9.468695 -1.018289 17.346035 -105.072 -95.633 69.233 5.000e+07 1
95 -7.640109 -6.891737 17.465651 -23.815 15.186 -87.326 5.000e+07 1
96 -8.933462 -7.400760 17.685683 -81.091 -91.848 57.668 5.000e+07 1
97 -5.138985 -4.914138 17.863954 -35.774 154.354 48.927 5.000e+07 1
98 -17.041266 -8.202618 20.646793 88.412 -48.033 77.059 5.000e+07 1
99 -4.234546 -10.746202 19.889877 -71.491 45.628 -80.787 5.000e+07 1
100 -2.511861 -5.030186 17.526667 -33.454 119.885 -50.584 5.000e+07 1
101 -8.044246 -6.735758 17.429400 -110.434 86.730 83.653 5.000e+07 1
102 -6.937121 -7.050558 16.026541 -54.618 155.524 170.402 5.000e+07 1
103 -8.981021 -6.787375 17.620748 -146.988 -73.372 -15.547 5.000e+07 1
104 -1.708420 -0.648665 13.314285 -15.971 -2.413 -2.852 5.000e+07 1
105 -8.441026 -8.451642 18.141152 -61.512 174.767 -156.038 5.000e+07 1
106 -9.473965 -9.606686 18.794817 137.107 -115.502 62.981 5.000e+07 1
107 -6.114201 -5.762467 16.403498 -252.791 -56.555 42.352 5.000e+07 1
108 -6.162491 -9.379623 16.298545 51.178 -6.865 71.030 5.000e+07 1
109 -10.752033 -7.596284 16.352240 28.751 -119.143 -49.726 5.000e+07 1
110 -7.908372 -8.226388 17.989976 156.304 -34.408 83.159 5.000e+07 1
111 -7.674057 -5.473034 17.019092 -77.849 -91.180 82.936 5.000e+07 1
112 -5.523886 -5.986909 20.277413 -196.105 70.333 4.476 5.000e+07 1
113 -9.145805 -6.812177 18.024016 44.035 -39.654 53.512 5.000e+07 1
114 -7.639950 -8.998199 18.137379 130.477 97.151 94.510 5.000e+07 1
115 -8.944767 -8.498456 18.942564 154.681 28.957 -35.607 5.000e+07 1
116 -4.579249 -5.292969 17.345052 69.671 -56.800 67.917 5.000e+07 1
117 -7.997427 -7.992384 17.139428 43.765 -227.165 60.183 5.000e+07 1
118 -7.807890 -8.086488 18.702662 56.827 211.216 -198.013 5.000e+07 1
119 -8.388442 -8.714413 18.360081 159.911 317.964 -87.185 5.000e+07 1
120 -9.468151 -3.686715 18.002129 -23.990 -194.683 -98.155 5.000e+07 1
121 -7.333450 -7.550471 17.763395 -215.324 -2.603 101.625 5.000e+07 1
122 -7.643235 -6.244965 17.874967 -155.762 -20.208 197.900 5.000e+07 1
123 -8.347844 -7.947151 16.720999 208.543 -195.442 -78.771 5.000e+07 1
124 -19.864024 -4.935593 11.918535 33.772 -40.824 111.586 5.000e+07 1
125 -7.556225 -5.712142 18.527986 -202.988 24.470 -24.870 5.000e+07 1
126 -8.250997 -8.249424 18.188066 -42.464 -67.507 -102.116 5.000e+07 1
127 -7.015304 -6.877351 18.454917 -307.962 23.288 -126.040 5.000e+07 1
128 -7.233648 -7.058353 16.368099 -243.865 3.801 48.839 5.000e+07 1
129 -11.868363 -8.129087 17.490863 -118.452 -87.240 114.082 5.000e+07 1
130 -7.235075 -8.045588 18.040481 194.516 -54.853 376.155 5.000e+07 1
131 -8.378278 -7.829505 18.032309 -48.638 -166.058 114.124 5.000e+07 1
132 -8.195768 -1.428671 16.696881 -130.178 122.692 -13.404 5.000e+07 1
133 -9.300167 -3.488106 17.329238 -197.790 -16.800 22.161 5.000e+07 1
134 -8.909743 -11.988657 19.233863 -13.727 0.367 -77.451 5.000e+07 1
135 -4.962618 -5.610617 14.754804 120.334 121.890 129.541 5.000e+07 1
136 -8.486988 -8.417136 19.609670 -43.499 -314.633 122.012 5.000e+07 1
137 -4.688234 -8.304388 18.493826 -55.914 21.255 24.887 5.000e+07 1
138 -9.280145 -7.182339 18.757430 183.293 -70.922 32.277 5.000e+07 1
139 -6.475490 -5.175632 17.806480 -60.110 183.628 9.045 5.000e+07 1
140 -5.718744 -11.132873 16.446713 269.286 -2.790 15.615 5.000e+07 1
141 -7.687155 -2.984638 17.763009 -65.337 -41.422 148.850 5.000e+07 1
142 -6.876623 -7.601211 18.033852 234.866 132.130 -103.181 5.000e+07 1
143 -8.568636 -7.385162 17.838811 27.285 -161.822 233.222 5.000e+07 1
144 -7.873060 -7.480628 17.584319 -34.242 278.736 -219.446 5.000e+07 1
145 -4.790225 -8.615642 16.432895 11.065 34.375 41.987 5.000e+07 1
146 -9.466049 -6.087205 16.388012 -70.052 -99.502 -43.271 5.000e+07 1
147 -7.820893 -6.592270 19.123048 258.483 -178.115 -165.182 5.000e+07 1
148 -12.800121 -2.250926 22.910104 86.769 -55.886 30.136 5.000e+07 1
149 20.878297 5.030623 24.654027 35.600 3.909 -4.171 5.000e+07 1
150 -8.537101 -8.065433 17.996964 25.722 162.308 -23.304 5.000e+07 1
151 -7.316510 -7.394930 17.123614 -25.922 -64.564 116.299 5.000e+07 1
152 13.178481 -35.635610 11.104624 -102.662 87.383 22.701 5.000e+07 1
153 -8.287731 -8.470417 17.589763 -227.607 -150.379 -100.769 5.000e+07 1
154 -8.426418 -8.899115 20.107015 40.004 -41.402 -21.189 5.000e+07 1
155 -10.782958 -9.181292 22.244322 -62.799 -131.396 -62.437 5.000e+07 1
156 -9.151559 -2.913769 24.522365 -52.785 -16.962 -13.423 5.000e+07 1
157 -5.325166 -7.405335 18.098470 346.791 -104.278 207.995 5.000e+07 1
158 -6.977031 -3.318927 17.117680 -2.417 151.812 -305.649 5.000e+07 1
159 -9.790018 -2.310139 18.139946 -194.466 -99.941 77.156 5.000e+07 1
160 -10.973283 -7.866860 18.114159 2.055 -102.267 -26.624 5.000e+07 1
161 -7.085008 -9.186064 18.157919 11.069 -158.485 -177.046 5.000e+07 1
162 -9.967572 -9.686169 18.210401 244.634 186.910 -87.226 5.000e+07 1
163 -8.905169 -6.910945 17.863552 -124.328 -36.885 319.535 5.000e+07 1
164 -5.233745 -6.936682 15.057543 -3.981 -71.423 166.383 5.000e+07 1
165 -7.592715 -7.242207 19.696858 -240.686 186.746 -213.589 5.000e+07 1
166 -7.850874 -6.898815 17.284563 -11.995 53.286 -76.218 5.000e+07 1
167 -6.672743 -6.641539 17.556826 -232.729 68.251 132.342 5.000e+07 1
168 -7.554889 -5.405515 17.510993 -160.741 -75.010 26.965 5.000e+07 1
169 -8.631519 -6.509960 17.296133 -11.311 -1.866 13.083 5.000e+07 1
170 -3.615365 -10.319606 16.827353 -66.239 171.287 -10.383 5.000e+07 1
171 -6.088342 -6.875897 16.801810 -60.852 48.813 59.871 5.000e+07 1
172 -7.989922 -6.422763 18.083953 -24.955 -48.597 -126.565 5.000e+07 1
173 -9.143069 -9.310304 20.301903 32.222 -179.527 130.416 5.000e+07 1
174 -8.314704 -6.788184 17.681232 255.612 130.662 -43.905 5.000e+07 1
175 -11.548602 -2.740914 20.048890 -94.915 -178.238 -3.558 5.000e+07 1
176 -8.368675 -7.502573 18.278914 -18.780 -127.015 121.639 5.000e+07 1
177 -6.429624 -6.653757 18.328897 -192.295 -61.029 237.208 5.000e+07 1
178 -7.659123 -7.059456 18.285670 281.003 -218.652 -209.375 5.000e+07 1
179 -8.983131 -7.945915 18.568284 -42.273 -0.708 -39.151 5.000e+07 1
180 -6.418648 -7.857534 17.892782 -76.212 211.351 -124.199 5.000e+07 1
181 -5.874953 -7.393510 18.511236 -83.879 -91.810 -116.127 5.000e+07 1
182 -7.510158 -7.953090 17.920170 -96.568 95.147 0.004 5.000e+07 1
183 -7.441451 -9.218445 16.219717 31.276 -24.779 105.990 5.000e+07 1
184 -7.073689 -7.059573 17.773440 150.047 25.629 55.738 5.000e+07 1
185 -11.051457 -11.023788 14.751093 36.163 -22.486 11.967 5.000e+07 1
186 -6.796219 -8.843827 17.003580 -68.831 -83.676 18.969 5.000e+07 1
187 -18.395621 7.704578 17.050046 -59.984 100.458 39.343 5.000e+07 1
188 -14.492465 -9.484144 18.154910 86.921 -153.321 50.997 5.000e+07 1
189 -6.854316 -6.813389 18.046000 -173.179 16.408 164.500 5.000e+07 1
190 -8.337575 -3.582839 16.311924 -144.231 131.056 80.973 5.000e+07 1
191 -6.691900 -7.098143 18.628414 -232.010 57.087 29.923 5.000e+07 1
192 -7.175862 -6.772797 18.202224 -229.316 103.311 247.942 5.000e+07 1
193 -11.892345 -8.714454 16.689124 -81.502 -216.166 -24.801 5.000e+07 1
194 -6.183970 -6.396567 17.494555 -140.782 168.507 -69.655 5.000e+07 1
195 -1.834641 -6.262671 21.286940 -88.295 76.750 -28.458 5.000e+07 1
196 -9.768242 -3.673477 17.430799 -97.581 -172.877 -82.383 5.000e+07 1
197 -7.098485 -8.544818 17.695296 229.717 151.539 244.172 5.000e+07 1
198 -70.696376 -8.880359 -19.204662 -51.444 -22.262 8.106 5.000e+07 1
199 -6.721972 -4.436187 17.942538 -11.971 128.026 -79.192 5.000e+07 1
200 -8.589809 -7.918108 17.770344 -140.229 -37.957 -23.455 6.250e+07 2
201 -15.790784 -13.873046 19.790079 42.866 -85.049 64.075 6.250e+07 2
202 -18.984687 -16.908051 17.599082 144.198 -33.052 0.759 6.250e+07 2
203 -4.358572 -7.274605 15.865377 72.263 245.664 -1.648 6.250e+07 2
204 -17.602377 -6.273362 16.879562 90.526 -105.483 60.067 6.250e+07 2
205 -7.907733 -7.204275 17.955926 -7.969 227.584 98.364 6.250e+07 2
206 -6.429483 -12.393606 15.239161 53.887 232.291 51.476 6.250e+07 2
207 -7.013946 -7.159741 18.240976 158.253 -124.940 166.980 6.250e+07 2
208 0.411333 -7.497774 18.885691 97.145 151.719 41.269 6.250e+07 2
209 11.540771 -20.513593 17.278094 -45.100 123.927 19.256 6.250e+07 2
210 -8.083793 -6.011312 18.644606 -19.624 17.363 -66.407 6.250e+07 2
211 -7.687742 -7.376503 17.176530 138.970 79.910 234.385 6.250e+07 2
212 -5.755192 -12.355852 15.831197 155.107 78.998 1.802 6.250e+07 2
213 4.492076 -2.314509 18.644984 -30.018 135.006 16.433 6.250e+07 2
214 -2.720782 -11.505274 17.976765 287.798 29.503 -6.726 6.250e+07 2
215 -7.194752 -7.340119 17.804037 391.453 142.915 43.404 6.250e+07 2
216 -10.389429 -4.631531 15.949845 -48.502 -110.795 121.403 6.250e+07 2
217 -5.818248 -12.686572 17.736861 230.196 94.181 11.839 6.250e+07 2
218 -8.327761 -8.283345 17.487442 127.415 -74.882 16.947 6.250e+07 2
219 -3.324361 -9.350288 17.846486 50.433 214.723 -83.790 6.250e+07 2
220 -14.623130 -7.631083 16.334492 9.178 -178.988 5.804 6.250e+07 2
221 -11.371464 -7.742722 16.420554 52.491 -174.791 67.407 6.250e+07 2
222 -8.727608 -5.909679 18.229531 -50.022 -52.073 60.973 6.250e+07 2
223 -11.307508 17.099534 13.800546 -43.523 -49.074 3.901 6.250e+07 2
224 60.173070 -257.020901 0.172809 51.710 -233.458 5.583 6.250e+07 2
225 -7.763792 -2.980098 19.465595 -205.746 -203.600 12.377 6.250e+07 2
226 -6.979943 -8.734541 18.281794 87.494 98.169 118.454 6.250e+07 2
227 -8.457824 -7.825762 17.732420 46.167 -191.456 -142.072 6.250e+07 2
228 -7.969442 -6.405941 17.226916 208.802 -245.561 60.363 6.250e+07 2
229 -3.833875 -3.592664 16.768431 -177.807 -105.689 30.626 6.250e+07 2
230 -7.996607 -7.210754 17.008973 -68.337 292.928 -85.008 6.250e+07 2
231 -7.598541 -7.003069 18.579340 -67.552 -60.518 119.312 6.250e+07 2
232 -5.944457 -6.670840 16.857411 91.944 -86.581 -48.462 6.250e+07 2
233 -10.734629 -7.769437 17.707740 248.079 -135.865 58.989 6.250e+07 2
234 -8.185493 -8.811571 16.639302 140.237 -95.677 -81.292 6.250e+07 2
235 -3.162659 1.685529 14.848822 -90.143 -120.912 93.586 6.250e+07 2
236 -7.683010 -6.248694 17.690786 16.060 2.270 -12.604 6.250e+07 2
237 -7.052617 -7.087532 17.682991 -185.207 202.339 168.659 6.250e+07 2
238 -10.207881 -7.099499 18.658886 -169.025 -220.596 -31.876 6.250e+07 2
239 -13.436645 -13.021755 15.334253 113.500 -142.601 26.608 6.250e+07 2
240 -13.622461 -7.696011 18.281982 73.034 -45.008 -34.966 6.250e+07 2
241 -7.028782 -3.441530 23.507371 -81.565 -81.509 -86.149 6.250e+07 2
242 -9.626708 -8.785128 17.481231 10.868 -79.031 -94.939 6.250e+07 2
243 -638.063818 1567.570845 24.711396 -774.355 1902.043 30.220 6.250e+07 2
244 -7.674592 -6.769880 17.666787 -101.996 36.678 134.538 6.250e+07 2
245 -9.131481 -0.677738 16.434111 -184.498 -27.255 52.027 6.250e+07 2
246 -8.162756 -6.529954 17.377185 -264.778 -209.957 100.885 6.250e+07 2
247 -5.493040 -6.758937 16.538588 -82.728 151.525 78.852 6.250e+07 2
248 -8.518058 -6.266621 18.489855 -212.943 20.246 50.428 6.250e+07 2
249 -10.019857 -5.349496 18.816128 -215.036 -3.268 112.851 6.250e+07 2
250 -7.523748 -7.004169 17.558609 54.406 -20.599 138.812 6.250e+07 2
251 -8.233808 -8.133887 17.291785 -40.467 -221.716 11.762 6.250e+07 2
252 -13.408111 1.014111 15.403631 -83.902 -13.765 -27.227 6.250e+07 2
253 -9.716670 -5.352420 16.664448 -175.274 -93.870 88.154 6.250e+07 2
254 -7.260057 -5.825920 18.544046 34.104 -46.909 173.184 6.250e+07 2
255 -1.653968 -3.182989 16.431330 31.179 93.877 -22.703 6.250e+07 2
256 -0.760988 -1.495499 21.572968 -117.624 145.362 24.914 6.250e+07 2
257 -8.678453 -10.177844 18.149715 82.906 121.840 -1.851 6.250e+07 2
258 -3.959095 -5.774955 19.545155 -42.147 184.069 53.354 6.250e+07 2
259 -9.504529 -7.018048 20.466026 -21.848 32.982 24.614 6.250e+07 2
260 -7.315765 -7.675689 17.711365 -115.567 -108.211 -156.972 6.250e+07 2
261 -9.398017 -7.913991 17.003972 69.504 -189.164 -51.167 6.250e+07 2
262 -7.090200 -10.468747 17.395147 80.950 129.402 105.365 6.250e+07 2
263 -7.463653 -1.183218 18.107470 -254.861 65.062 -130.886 6.250e+07 2
264 -8.157822 -7.347124 17.667678 -73.986 -113.114 -64.405 6.250e+07 2
265 -14.638377 3.432942 17.683587 -83.698 -130.788 -10.406 6.250e+07 2
266 -7.752022 -6.980155 16.626317 -115.631 -143.865 175.468 6.250e+07 2
267 -8.623834 -6.543845 17.246018 -36.704 239.753 -221.431 6.250e+07 2
268 -6.648104 -7.806786 17.038570 244.186 43.188 -89.623 6.250e+07 2
269 -0.494355 -2.450954 18.914365 -121.116 66.395 47.351 6.250e+07 2
270 -5.766120 -7.972862 16.948636 68.451 119.911 5.483 6.250e+07 2
271 -12.582227 -11.763617 16.889628 113.471 -21.535 94.388 6.250e+07 2
272 -13.324260 -1.785047 17.773362 -31.364 -176.999 13.688 6.250e+07 2
273 -5.301952 -9.083626 18.849003 225.318 -108.578 6.636 6.250e+07 2
274 -9.433358 3.115864 17.116271 -153.773 -6.187 5.318 6.250e+07 2
275 -9.666401 -6.753218 16.872081 -99.093 70.005 11.577 6.250e+07 2
276 -7.620613 -3.656375 21.266051 -3.185 -10.824 -59.217 6.250e+07 2
277 -8.844202 -6.006444 18.566384 -55.850 -142.523 -22.887 6.250e+07 2
278 -6.078761 -8.275419 18.233011 106.630 -8.290 9.569 6.250e+07 2
279 -6.777039 -6.748414 17.016954 -76.012 378.636 2.571 6.250e+07 2
280 -10.052026 -1.174977 18.387015 -186.085 -14.489 98.937 6.250e+07 2
281 -7.810416 -6.993567 17.532403 227.205 -220.070 24.753 6.250e+07 2
282 0.229191 0.268977 16.833916 -212.987 55.407 76.579 6.250e+07 2
283 -4.175334 -10.245774 18.788083 34.094 134.897 79.891 6.250e+07 2
284 -9.878830 -10.785007 16.364659 104.299 -192.482 -28.781 6.250e+07 2
285 -10.963941 -10.817953 17.731006 112.183 -63.237 110.717 6.250e+07 2
286 -15.785872 -8.784647 16.779276 -40.347 -168.677 44.198 6.250e+07 2
287 -3.718092 -5.135184 19.457006 -86.706 100.373 -55.519 6.250e+07 2
288 -2.456306 -11.262031 16.563456 78.271 179.044 -31.272 6.250e+07 2
289 -3.007657 -1.419507 18.489429 -38.357 -65.760 -33.428 6.250e+07 2
290 -7.128649 -6.297247 17.402925 44.197 159.531 92.283 6.250e+07 2
291 -6.016919 -6.948356 17.154296 31.690 200.498 -151.238 6.250e+07 2
292 -18.258151 -7.292549 15.849833 225.411 -11.083 15.385 6.250e+07 2
293 -7.647742 -7.121881 17.446464 86.210 -101.912 -177.461 6.250e+07 2
294 -5.861576 -4.922224 17.383437 -14.205 153.212 64.241 6.250e+07 2
295 -8.579883 -8.463392 17.411135 181.702 -360.233 75.754 6.250e+07 2
296 -11.135930 -7.273511 17.226060 -182.898 -180.145 -21.514 6.250e+07 2
297 -13.564791 -4.543319 18.443486 -144.267 -124.362 65.174 6.250e+07 2
298 -11.236650 -14.479675 16.861216 180.096 -13.339 43.005 6.250e+07 2
299 -7.112306 -3.359783 17.475988 -126.808 5.106 41.234 6.250e+07 2
300 -7.508723 -6.211805 17.718842 44.696 207.866 36.692 6.250e+07 2
301 -8.582035 -6.480514 18.273658 -173.989 -258.800 6.398 6.250e+07 2
302 -9.886066 -5.317846 16.546271 -48.760 -203.858 24.932 6.250e+07 2
303 -7.298971 -9.765684 15.872187 137.790 -225.322 -136.453 6.250e+07 2
304 -12.306225 -11.426141 18.029070 155.207 -84.580 25.194 6.250e+07 2
305 -8.279100 -7.507759 16.822837 153.043 -108.877 -97.594 6.250e+07 2
306 -12.090250 -0.452451 18.829502 -181.776 -175.442 81.921 6.250e+07 2
307 -8.741410 -6.262821 22.007717 66.271 14.297 -136.481 6.250e+07 2
308 -6.782396 -7.415160 17.545633 -169.121 168.766 -65.443 6.250e+07 2
309 -6.315003 -7.428182 16.332468 -165.246 216.833 -209.069 6.250e+07 2
310 -9.367331 -7.424975 18.442694 -181.782 2.305 217.182 6.250e+07 2
311 -3.537822 -2.009956 17.412650 -226.016 22.325 110.164 6.250e+07 2
312 97.216673 66.810084 25.424134 8.949 3.638 20.673 6.250e+07 2
313 -2.301887 -14.305109 15.362123 120.857 -19.812 -33.560 6.250e+07 2
314 2.799190 -17.967473 16.983481 177.985 15.001 36.326 6.250e+07 2
315 -14.870318 -7.338084 16.309443 -52.562 -127.313 61.925 6.250e+07 2
316 -7.340160 -9.511761 16.413798 100.317 -80.276 29.735 6.250e+07 2
317 -7.670039 -2.994333 17.714116 -50.633 61.514 1.146 6.250e+07 2
318 -23.210373 5.098695 18.552534 -68.991 -75.055 38.347 6.250e+07 2
319 -6.288507 -7.100325 17.445445 -17.232 105.041 -10.640 6.250e+07 2
320 -6.791947 -11.189261 16.737588 201.744 100.689 59.095 6.250e+07 2
321 -11.509342 -8.873090 16.523075 -30.726 -174.833 -70.241 6.250e+07 2
322 -4.923622 -12.293095 16.085198 92.613 72.593 86.449 6.250e+07 2
323 2.871239 -10.008661 18.442700 127.545 88.615 79.187 6.250e+07 2
324 -8.029650 -7.075009 17.704840 144.755 -47.990 88.094 6.250e+07 2
325 -9.357046 -9.270034 17.187779 132.050 -299.984 -54.180 6.250e+07 2
326 -8.593165 -6.043446 17.429961 -4.778 -183.283 22.814 6.250e+07 2
327 -12.396704 -7.708457 18.888500 -30.367 -278.175 68.632 6.250e+07 2
328 -15.446127 8.024462 19.404164 -140.156 16.555 26.784 6.250e+07 2
329 -9.410189 -6.176341 17.190914 -113.338 -196.797 53.966 6.250e+07 2
330 -3.298491 -10.526956 19.075723 138.619 109.622 59.438 6.250e+07 2
331 -8.430228 -8.703720 17.256488 145.786 -277.717 140.574 6.250e+07 2
332 -8.579933 -7.510593 17.737226 -53.834 -241.501 0.112 6.250e+07 2
333 -7.700757 -5.878013 18.205811 -235.070 -173.573 33.510 6.250e+07 2
334 2.728087 -4.850205 15.028645 56.811 88.225 -11.809 6.250e+07 2
335 -9.043833 -11.462000 17.513083 164.121 25.461 29.629 6.250e+07 2
336 -9.165029 -2.998753 20.629680 -207.693 -36.406 36.450 6.250e+07 2
337 -8.573175 -5.120755 18.184522 -15.352 9.479 -94.704 6.250e+07 2
338 -11.671213 -9.166154 18.617513 13.767 -245.083 -166.699 6.250e+07 2
339 -5.501258 -6.376228 18.369079 5.311 33.655 2.199 6.250e+07 2
340 -7.277138 -7.206601 17.382274 -258.456 -44.167 -201.788 6.250e+07 2
341 -9.516725 -5.310128 17.645468 -9.315 -218.336 65.699 6.250e+07 2
342 -8.015894 -8.081344 17.999369 119.349 -8.397 32.714 6.250e+07 2
343 -8.350041 -5.676826 17.332950 -168.996 -54.249 6.322 6.250e+07 2
344 -1.948883 -6.291468 17.824651 -25.948 250.028 -21.518 6.250e+07 2
345 -11.549173 -9.038521 18.842071 -69.633 -156.681 135.613 6.250e+07 2
346 -2.961865 -8.888582 19.268984 179.527 -12.795 100.129 6.250e+07 2
347 -5.254170 -3.678665 16.923418 -189.634 39.220 7.704 6.250e+07 2
348 -7.590758 -6.905071 17.854918 -86.787 18.278 168.111 6.250e+07 2
349 -9.613951 -5.797178 17.455858 105.131 110.284 3.926 6.250e+07 2
350 -10.640864 -5.953183 16.675366 -74.648 -146.801 24.493 6.250e+07 2
351 -33.049681 -12.161279 13.763849 -1.566 -51.307 28.018 6.250e+07 2
352 -4.241336 -2.030508 18.431626 -5.187 6.947 -38.382 6.250e+07 2
353 -6.813601 -7.939175 18.314796 -69.781 297.834 30.390 6.250e+07 2
354 -6.869519 -8.014038 17.470352 119.754 -174.000 -17.762 6.250e+07 2
355 -10.483557 -1.782450 16.473304 -114.432 -46.423 92.157 6.250e+07 2
356 -5.598832 -9.277053 16.789779 -171.869 41.478 45.902 6.250e+07 2
357 -7.237869 -4.392988 17.790421 -188.416 -135.936 103.939 6.250e+07 2
358 -10.763930 -5.499645 17.087449 4.025 -125.778 115.123 6.250e+07 2
359 -11.043071 -5.046844 17.948052 -144.234 -77.971 -18.646 6.250e+07 2
360 -8.104769 -5.448288 17.826271 -311.944 118.798 -179.428 6.250e+07 2
361 -4.491056 -8.048505 19.623375 -172.027 75.716 39.643 6.250e+07 2
362 -3.739615 -17.532486 17.837912 254.644 -102.347 23.801 6.250e+07 2
363 -9.160481 -7.628404 19.224440 12.941 -105.018 148.650 6.250e+07 2
364 -7.634877 -7.481712 17.426586 24.255 70.979 138.967 6.250e+07 2
365 -10.373353 -5.885170 17.821410 -134.488 -201.663 14.666 6.250e+07 2
366 -14.255171 -9.537040 18.310202 278.129 48.264 14.231 6.250e+07 2
367 -8.903832 -4.588489 18.127557 -97.827 220.076 -104.918 6.250e+07 2
368 -6.457025 -8.662669 18.181262 114.008 217.208 21.640 6.250e+07 2
369 -8.213412 -13.095264 16.562782 91.546 -36.824 31.777 6.250e+07 2
370 -7.774520 -7.727939 18.273414 -53.671 -109.075 49.621 6.250e+07 2
371 -8.558356 -9.122005 17.577088 144.414 -325.611 -94.194 6.250e+07 2
372 -5.815904 -6.805200 18.115682 -70.144 140.445 -37.183 6.250e+07 2
373 -7.616400 -7.341256 17.207512 -9.849 -197.399 115.932 6.250e+07 2
374 -6.793676 -7.694679 17.809183 413.804 -14.554 24.155 6.250e+07 2
375 14.784203 -2.771988 20.062901 31.277 88.260 30.973 6.250e+07 2
376 -12.095030 -11.741186 17.992018 96.039 -297.543 87.173 6.250e+07 2
377 -4.635536 2.987713 17.223875 -110.850 -4.614 50.385 6.250e+07 2
378 -7.500373 -4.444520 18.614418 -131.021 -144.918 77.492 6.250e+07 2
379 1320.113396 -213.514252 -63.738134 1594.816 -258.139 -77.401 6.250e+07 2
380 -8.258401 -7.040562 17.231831 -53.016 137.164 47.362 6.250e+07 2
381 -10.030468 1.313102 20.315185 -42.877 -51.901 78.946 6.250e+07 2
382 -6.749077 -7.809799 17.862105 166.056 -27.735 28.212 6.250e+07 2
383 -6.886075 -6.247788 17.536403 195.146 44.548 65.150 6.250e+07 2
384 -7.022129 -8.258702 15.836763 0.413 98.237 132.045 6.250e+07 2
385 -7.059192 -8.449150 18.365646 28.804 69.866 67.939 6.250e+07 2
386 -8.251215 -8.259344 18.613560 22.120 136.640 19.930 6.250e+07 2
387 -0.813905 -7.657472 18.455534 56.793 279.725 100.711 6.250e+07 2
388 -9.302937 -2.403342 15.014777 -198.761 74.262 -75.541 6.250e+07 2
389 -12.713836 3.911067 22.337987 -102.568 -26.900 49.250 6.250e+07 2
390 -8.076123 -7.434978 17.975808 -23.384 53.871 4.892 6.250e+07 2
391 -3.790279 -14.554813 16.925803 184.103 -18.853 -19.602 6.250e+07 2
392 -8.613812 -6.180162 18.233558 -109.589 -29.096 5.001 6.250e+07 2
393 -8.087791 -7.301132 18.219534 55.132 -206.336 -57.849 6.250e+07 2
394 -8.706773 -9.948865 17.442716 180.728 -57.625 81.323 6.250e+07 2
395 -8.016952 -7.417202 17.254410 11.434 -248.053 41.714 6.250e+07 2
396 -7.661532 -8.107357 18.323644 -0.022 -229.904 -13.312 6.250e+07 2
397 -9.138581 -6.717949 18.490155 -67.552 -175.969 -114.078 6.250e+07 2
398 -11.572051 -2.182647 18.090636 56.574 -97.675 -31.181 6.250e+07 2
399 -10.932178 -5.869610 17.787780 57.553 -281.313 27.180 6.250e+07 2
400 -11.246812 0.168766 19.337550 -150.148 -37.171 53.896 6.250e+07 2
401 -6.912535 -4.880369 18.655131 -136.065 -149.767 -80.694 6.250e+07 2
402 -7.397061 -6.776018 17.382068 -62.272 -36.985 117.780 6.250e+07 2
403 -8.267978 -6.528328 16.876837 10.153 -22.476 -176.218 6.250e+07 2
404 -7.779846 -7.432120 17.810534 199.743 -85.158 353.033 6.250e+07 2
405 -7.083771 -5.356473 17.356557 -175.508 -118.771 42.872 6.250e+07 2
406 -7.451573 -11.756408 17.929729 256.326 -65.785 70.835 6.250e+07 2
407 -12.527606 -9.483170 16.595816 111.930 -61.053 108.759 6.250e+07 2
408 -7.868680 -7.292832 17.636558 56.266 -93.394 -36.999 6.250e+07 2
409 -7.897076 -8.530082 19.085399 46.032 -178.900 -33.607 6.250e+07 2
410 -7.528105 -3.088810 19.046100 -205.316 74.362 -19.889 6.250e+07 2
411 -7.958240 -6.406036 18.444602 -129.909 384.966 47.700 6.250e+07 2
412 -7.210980 -7.048312 17.902289 50.911 204.114 23.639 6.250e+07 2
413 -14.806929 -8.822030 15.581566 -52.810 -173.191 10.753 6.250e+07 2
414 -7.693823 -7.104697 18.340252 -80.042 98.244 9.756 6.250e+07 2
415 -8.771217 -7.840586 16.511102 14.829 -141.560 36.201 6.250e+07 2
416 -5.882787 -7.666869 17.411672 24.061 -16.734 -66.367 6.250e+07 2
417 -8.634236 -6.809917 17.692500 138.386 -299.000 144.040 6.250e+07 2
418 -9.407577 -7.525189 16.677382 41.687 -153.275 -63.929 6.250e+07 2
419 -8.202508 -7.772042 17.090171 147.265 247.981 137.335 6.250e+07 2
420 -7.419744 -6.553219 18.014107 -297.333 -54.101 41.174 6.250e+07 2
421 -13.791195 -0.444449 18.173813 -58.112 -116.473 49.867 6.250e+07 2
422 -11.649196 -10.924920 17.563214 124.347 -112.216 10.580 6.250e+07 2
423 -8.078208 -6.782046 17.302025 -92.550 196.394 -106.778 6.250e+07 2
424 -6.939244 -7.399710 18.295400 6.091 24.819 116.572 6.250e+07 2
425 -5.832693 -8.073115 18.097175 0.607 15.894 -116.169 6.250e+07 2
426 -4.098648 -10.728795 16.987843 218.588 100.943 26.167 6.250e+07 2
427 -7.241264 -6.522728 17.518938 223.912 29.724 -144.437 6.250e+07 2
428 -4.892464 -10.912364 18.329647 94.384 152.756 13.870 6.250e+07 2
429 -7.484064 -4.663193 16.558622 -186.004 105.947 129.493 6.250e+07 2
430 -23.833248 -4.862887 15.595328 25.415 -136.962 27.579 6.250e+07 2
431 -8.297644 -8.999158 16.930610 110.902 33.545 91.315 6.250e+07 2
432 -1.849874 -4.720471 19.300264 -5.158 189.178 62.643 6.250e+07 2
433 -23.317738 7.100850 20.707709 -67.790 -89.307 36.607 6.250e+07 2
434 -6.571379 -8.347444 18.507129 -47.286 8.746 66.805 6.250e+07 2
435 -7.720852 -7.968225 17.008342 -41.432 225.940 -8.273 6.250e+07 2
436 -56.940290 -278.123346 62.294477 -55.425 -262.951 63.881 6.250e+07 2
437 -8.537353 -8.856122 16.939687 91.677 -31.853 140.924 6.250e+07 2
438 -8.756137 -7.896520 17.655482 47.585 -81.921 119.240 6.250e+07 2
439 -5.777167 -8.729594 15.945271 27.511 48.647 140.251 6.250e+07 2
440 -394.968749 -123.461371 -63.747130 -428.725 -135.015 -67.592 6.250e+07 2
441 -6.520986 -8.028837 19.354295 196.074 -8.406 10.931 6.250e+07 2
442 -17.975528 -10.196860 19.905474 87.669 -151.198 -28.555 6.250e+07 2
443 -9.275557 -6.480899 17.295606 -70.922 25.721 -48.572 6.250e+07 2
444 -7.127291 -7.469521 17.830073 -86.283 98.816 276.598 6.250e+07 2
445 -6.668261 -8.501982 20.242444 16.981 -15.203 -107.289 6.250e+07 2
446 -9.403687 -5.571193 17.164659 -225.884 -183.395 49.747 6.250e+07 2
447 -8.323593 -7.609689 17.787430 -44.260 -104.023 183.918 6.250e+07 2
448 -7.712061 -2.834947 17.625923 -167.920 -66.791 -73.971 6.250e+07 2
449 -8.534238 -12.121073 15.391994 94.121 -122.690 -21.452 6.250e+07 2
450 -11.515954 -1.198431 17.137927 -192.271 -137.303 5.836 6.250e+07 2
451 -7.542415 -6.384220 18.308413 -136.918 47.345 289.529 6.250e+07 2
452 -13.045531 4.695850 22.020329 -102.259 -76.137 -9.471 6.250e+07 2
453 -6.458978 -7.149871 18.691592 -26.666 1.890 -133.697 6.250e+07 2
454 -7.135265 -6.811622 17.741289 55.004 204.455 13.248 6.250e+07 2
455 -21.390852 -12.023493 19.301288 61.940 -96.213 -4.959 6.250e+07 2
456 -9.509831 -5.213409 16.130123 98.077 -76.559 -49.016 6.250e+07 2
457 -23.032065 -14.029159 17.850761 120.434 -89.752 -7.503 6.250e+07 2
458 -10.374225 -7.969223 17.007234 -99.546 -97.036 -66.442 6.250e+07 2
459 -8.804209 -10.037781 17.023010 238.973 -98.160 17.005 6.250e+07 2
460 -2.961118 -7.545163 18.957522 -47.541 122.789 -29.853 6.250e+07 2
461 -6.674041 -7.474154 17.891080 -7.846 -66.491 54.050 6.250e+07 2
462 -10.412217 -6.526166 18.919235 -232.420 -130.924 141.882 6.250e+07 2
463 -7.427592 -8.322570 17.065972 123.623 134.008 -101.912 6.250e+07 2
464 -3.891238 -10.308763 17.547762 -8.230 206.007 27.018 6.250e+07 2
465 -9.462684 -14.333076 20.588280 62.676 -52.954 -35.671 6.250e+07 2
466 -2.469527 -6.331638 16.321693 -84.213 177.259 -17.816 6.250e+07 2
467 -8.288348 -14.562431 19.415559 125.714 28.661 -18.501 6.250e+07 2
468 -12.273438 -6.363872 15.964092 -86.813 -263.608 -65.484 6.250e+07 2
469 -16.932261 -4.912495 17.478529 61.453 -229.891 54.830 6.250e+07 2
470 -5.958677 -5.368767 16.132400 27.989 230.797 -67.838 6.250e+07 2
471 -7.412158 -7.303657 17.245807 -37.765 -147.613 35.367 6.250e+07 2
472 -8.362115 -7.429935 17.998039 19.405 -35.290 15.119 6.250e+07 2
473 -0.067411 -6.543254 15.472462 -49.517 40.579 10.834 6.250e+07 2
474 -7.186105 -9.914334 18.007099 43.313 26.576 9.004 6.250e+07 2
475 -12.228584 -2.711735 18.826967 -89.582 -154.416 5.524 6.250e+07 2
476 -0.771482 -4.814921 18.199174 77.369 164.738 81.190 6.250e+07 2
477 -8.710852 -7.607418 17.709922 235.599 -153.998 88.798 6.250e+07 2
478 -7.671506 -6.953466 17.470148 -61.147 -27.673 234.881 6.250e+07 2
479 -7.182121 -6.252375 19.480207 140.052 -70.973 -201.744 6.250e+07 2
480 -8.050772 -6.459840 16.678097 -38.172 55.639 -81.764 6.250e+07 2
481 -9.220403 -7.384773 18.467546 71.239 -74.007 -299.553 6.250e+07 2
482 -9.104098 -4.526721 17.363226 -20.582 -153.332 56.502 6.250e+07 2
483 -8.698065 -20.188244 21.019658 126.825 -7.915 5.110 6.250e+07 2
484 -7.450290 -7.850281 18.462308 -243.834 -151.787 76.737 6.250e+07 2
485 -7.571856 -7.135283 18.591505 117.642 -69.245 144.595 6.250e+07 2
486 -8.172500 -6.403348 16.723884 29.529 -116.232 -72.132 6.250e+07 2
487 -6.623916 -8.441708 17.095282 81.778 28.211 61.976 6.250e+07 2
488 -4.952595 -14.928287 17.566018 178.976 -30.390 82.221 6.250e+07 2
489 -4.196093 0.350502 16.393463 -142.773 -27.174 18.944 6.250e+07 2
490 -62.640447 -143.493694 65.631806 -33.072 -69.145 44.824 6.250e+07 2
491 -8.042529 -7.378861 17.771502 64.111 118.935 156.874 6.250e+07 2
492 -8.334903 -7.846216 18.032478 61.736 226.286 1.692 6.250e+07 2
493 -0.088521 -6.340148 15.576785 -30.264 169.483 -1.966 6.250e+07 2
494 -4.840176 -1.848427 15.731995 -146.905 4.679 83.663 6.250e+07 2
495 -6.928239 -6.898525 16.200906 -142.634 7.721 -15.815 6.250e+07 2
496 -6.268647 -10.104071 18.284842 -31.289 205.169 8.635 6.250e+07 2
497 -8.588828 -46.730475 14.598968 -3.926 50.300 22.468 6.250e+07 2
498 -15.198910 -10.648245 17.792582 154.016 -100.966 -44.137 6.250e+07 2
499 -6.820032 -7.842272 18.368590 120.396 58.497 -61.791 6.250e+07 2
500 -8.096457 -6.211433 18.501344 127.499 -53.031 17.090 6.250e+07 2
501 -788.102380 -1311.226858 53.676273 -954.647 -1588.296 65.630 6.250e+07 2
502 -6.745945 -8.678771 18.427564 218.644 32.807 -2.881 6.250e+07 2
503 -11.773526 -11.109842 17.100776 180.727 -186.144 2.568 6.250e+07 2
504 -8.544045 -6.695391 17.564381 -47.850 -129.257 59.109 6.250e+07 2
505 -627.593175 -293.617713 -21.636954 -734.625 -343.663 -24.758 6.250e+07 2
506 -7.590730 -9.276660 17.531167 105.564 -60.768 124.958 6.250e+07 2
507 -6.938836 -6.031489 17.306760 -302.588 -95.591 -19.318 6.250e+07 2
508 -7.180861 -9.928541 19.652007 76.724 -74.551 172.561 6.250e+07 2
509 -7.331438 -7.332318 18.546363 -45.496 133.239 -24.378 6.250e+07 2
510 -4.678027 -8.282273 17.238401 170.206 59.738 4.745 6.250e+07 2
511 -7.234722 -6.945775 17.948951 -261.466 101.520 -145.350 6.250e+07 2
512 -10.689401 -7.443391 17.724778 -8.883 -153.877 45.180 6.250e+07 2
513 -8.153858 -8.403038 17.494206 -13.798 139.606 152.405 6.250e+07 2
514 -6.506810 -8.331748 17.824153 -54.202 282.242 5.693 6.250e+07 2
515 -12.351236 -17.891635 20.776438 57.197 -123.319 89.096 6.250e+07 2
516 -8.921228 -12.054562 16.935012 -27.917 -35.248 -34.881 6.250e+07 2
517 -11.567526 -11.261365 14.838523 -13.552 -130.052 -9.641 6.250e+07 2
518 -7.205664 -9.365769 18.233236 60.367 261.378 -55.707 6.250e+07 2
519 -6.736974 -7.776998 16.584140 -121.896 79.452 63.493 6.250e+07 2
520 -8.007348 -7.469571 18.071045 148.149 116.398 63.084 6.250e+07 2
521 -8.594465 -5.621087 18.780592 -239.242 -29.186 -46.379 6.250e+07 2
522 -6.942991 -6.606516 17.020242 206.700 -78.496 48.861 6.250e+07 2
523 -10.693976 17.064367 13.518083 -63.697 -49.796 -3.284 6.250e+07 2
524 -8.203162 -3.911799 17.542771 -174.635 -79.115 70.415 6.250e+07 2
525 -6.915479 -8.928429 16.901596 246.473 -146.620 -53.581 6.250e+07 2
526 -6.375026 -7.229225 17.740421 -81.959 211.280 82.650 6.250e+07 2
527 -11.096941 -8.769871 18.144455 111.723 -77.750 -5.619 6.250e+07 2
528 -7.245355 -11.100898 16.555515 25.607 -8.261 14.268 6.250e+07 2
529 -8.847409 -2.595223 18.521683 -169.677 -123.506 79.131 6.250e+07 2
530 -11.968227 0.881272 18.298759 -55.457 -92.639 -32.950 6.250e+07 2
531 -13.328687 -0.495005 19.103050 -232.216 62.673 58.838 6.250e+07 2
532 -5.306533 -8.850585 16.954894 139.144 96.138 -38.335 6.250e+07 2
533 -9.660999 -9.103434 15.157420 108.752 -104.206 93.799 6.250e+07 2
534 -18.127673 -8.192542 18.796580 -32.662 -251.820 64.671 6.250e+07 2
535 -7.386254 -6.408693 17.537863 18.295 237.470 8.107 6.250e+07 2
536 -80.633025 115.491914 52.997938 -36.939 37.540 35.268 6.250e+07 2
537 -8.584204 -7.099134 18.031695 131.547 -358.385 168.747 6.250e+07 2
538 -6.565688 -6.977881 17.993923 48.810 13.645 -118.146 6.250e+07 2
539 -7.170314 -2.723136 18.367530 -242.827 110.752 112.003 6.250e+07 2
540 -8.786962 -5.591820 18.724060 -30.862 -255.977 33.206 6.250e+07 2
541 -8.370448 -6.491686 19.083570 0.588 -33.970 80.251 6.250e+07 2
542 -6.346462 -18.470643 16.027247 65.103 -5.201 -8.367 6.250e+07 2
543 -2.975782 -5.641654 16.740788 -158.297 243.911 104.364 6.250e+07 2
544 -7.190337 -6.281555 17.204026 -93.529 -91.531 128.152 6.250e+07 2
545 -6.597036 -5.581974 15.338293 235.588 87.254 -68.478 6.250e+07 2
546 -9.266771 -7.749928 18.874022 59.990 -25.174 -213.229 6.250e+07 2
547 -7.995565 -6.945790 17.439201 113.942 277.525 -57.211 6.250e+07 2
548 -7.768769 -8.859769 18.155566 222.846 -136.337 179.003 6.250e+07 2
549 -7.884035 -5.761855 17.356617 -196.672 -240.564 -29.071 6.250e+07 2
550 -7.398992 -7.092150 17.821678 6.952 -191.716 180.174 6.250e+07 2
551 -4.344776 -5.807659 21.758221 -55.554 75.535 39.502 6.250e+07 2
552 -21.182275 -12.932039 20.259008 -63.622 -112.689 26.727 6.250e+07 2
553 -8.370822 -6.952698 17.729954 104.338 -128.981 -40.334 6.250e+07 2
554 -1.969790 -1.049542 18.523709 -5.608 40.766 27.790 6.250e+07 2
555 -3.080822 1.225280 16.076080 -259.051 -41.573 -16.421 6.250e+07 2
556 -6.654675 -6.824147 17.441133 -162.874 61.091 -93.721 6.250e+07 2
557 -8.090115 -9.089240 18.902795 199.568 -180.690 -48.076 6.250e+07 2
558 1.210841 4.120703 20.723730 -106.486 87.773 -6.000 6.250e+07 2
559 -7.228993 -11.687283 16.495054 181.961 161.595 -12.112 6.250e+07 2
560 -10.864089 -6.408491 19.326542 -153.975 -51.179 172.189 6.250e+07 2
561 -3.197404 -1.510802 17.460408 -72.211 110.948 -0.814 6.250e+07 2
562 -9.161583 -6.023177 17.211788 -83.893 -158.636 44.939 6.250e+07 2
563 -9.676476 -8.199802 17.685586 -128.878 -124.577 -134.717 6.250e+07 2
564 -6.332884 -8.227055 16.734799 27.702 70.327 -3.596 6.250e+07 2
565 -3.453130 -9.463355 17.808334 60.967 132.440 103.222 6.250e+07 2
566 -4.354294 -11.062181 18.132072 202.255 97.287 -27.134 6.250e+07 2
567 -0.737481 -4.628582 15.994914 -109.908 61.001 37.702 6.250e+07 2
568 -6.371477 -2.250955 16.468334 -100.267 -10.627 97.061 6.250e+07 2
569 -3.296409 -14.066903 17.043507 172.898 32.136 -30.571 6.250e+07 2
570 -9.900615 -11.366206 20.242790 258.919 -34.795 -4.241 6.250e+07 2
571 -3.441452 -9.512923 17.630554 209.990 196.573 46.161 6.250e+07 2
572 6.853340 -4.671978 22.080024 -37.155 174.055 -1.042 6.250e+07 2
573 -6.890941 -9.847926 17.842185 42.391 286.481 9.815 6.250e+07 2
574 -9.805186 -8.933588 18.161166 -74.056 -140.520 6.674 6.250e+07 2
575 -6.738541 -7.407937 18.205973 89.478 76.795 184.276 6.250e+07 2
576 -7.710857 -8.322198 18.458573 -13.094 13.213 -42.184 6.250e+07 2
577 -9.249165 -17.775387 21.685038 162.219 27.896 -30.869 6.250e+07 2
578 -2.623237 -9.561280 16.770797 -27.984 147.321 -6.357 6.250e+07 2
579 -8.987173 -5.700672 17.377081 -57.503 10.510 -10.924 6.250e+07 2
580 -6.076809 -5.221817 14.797692 -5.795 -55.505 144.383 6.250e+07 2
581 -7.036252 -8.828843 17.172150 103.018 13.499 38.807 6.250e+07 2
582 -7.744527 -5.232107 18.857074 -179.308 -156.875 82.939 6.250e+07 2
583 -4.286197 -9.961904 16.623684 50.244 11.373 73.836 6.250e+07 2
584 -12.040859 -13.799720 18.182729 107.385 -258.770 10.339 6.250e+07 2
585 -292.566441 389.755081 42.811123 -327.258 438.122 50.989 6.250e+07 2
586 -25.563860 -15.832962 18.300481 90.199 -60.476 33.299 6.250e+07 2
587 -7.892444 -6.110047 18.219718 -238.271 132.886 30.805 6.250e+07 2
588 -5.633593 -7.001074 17.994333 -66.883 -12.994 -55.748 6.250e+07 2
589 -5.744153 -6.140619 17.065380 -90.847 48.456 -70.876 6.250e+07 2
590 -12.276236 -3.728491 18.376201 -197.636 -82.468 124.274 6.250e+07 2
591 -6.998524 -7.839346 17.008007 -29.399 44.211 69.286 6.250e+07 2
592 -2.397726 -6.637091 17.623154 198.450 211.011 5.819 6.250e+07 2
593 -9.640593 -6.857897 17.912414 -77.301 -162.559 120.105 6.250e+07 2
594 -7.839371 -8.319764 17.032800 331.966 90.157 35.617 6.250e+07 2
595 -71.734343 220.960037 40.785414 -64.703 184.128 41.033 6.250e+07 2
596 -2.849431 -10.227929 17.203547 86.325 269.066 6.401 6.250e+07 2
597 -7.678676 -7.596965 17.694846 121.647 -134.916 -21.981 6.250e+07 2
598 -8.805657 -5.912157 18.127028 -281.327 -328.069 105.966 6.250e+07 2
599 -8.089307 -6.683679 17.764916 7.836 69.832 49.257 6.250e+07 2
600 -10.230032 -7.120163 17.099359 -134.270 -262.243 74.015 6.250e+07 2
601 -5.974285 -4.638666 19.665805 -153.738 -25.287 36.315 6.250e+07 2
602 -8.117217 -7.339429 17.862612 42.829 -438.508 71.788 6.250e+07 2
603 -0.286254 -17.130368 14.582787 96.819 54.175 5.677 6.250e+07 2
604 3.206658 -0.231499 19.196654 -90.722 108.585 62.898 6.250e+07 2
605 427.862047 -56.052518 18.968446 468.878 -62.783 22.539 6.250e+07 2
606 -7.166826 -7.442931 17.750042 224.630 72.752 6.945 6.250e+07 2
607 -7.968696 -5.563050 17.315557 -77.129 -260.328 116.175 6.250e+07 2
608 -8.332679 -7.995269 17.496803 356.943 -67.852 -90.810 6.250e+07 2
609 -8.270823 -7.216694 17.663185 19.535 183.602 -184.431 6.250e+07 2
610 -5.463904 -5.515295 16.811055 -98.500 4.672 -15.882 6.250e+07 2
611 -8.415003 -7.240132 16.612914 8.171 -80.114 -91.981 6.250e+07 2
612 -7.274111 -0.257281 16.799479 -153.099 -90.418 66.880 6.250e+07 2
613 -6.887048 -6.696107 18.249155 -120.409 252.082 -121.934 6.250e+07 2
614 -8.109561 -7.668909 17.215136 -141.105 125.279 -3.338 6.250e+07 2
615 -15.793861 -1.247136 17.525440 -138.478 -101.597 10.330 6.250e+07 2
616 -6.095362 -3.823928 18.797395 -110.969 -80.667 43.456 6.250e+07 2
617 -1.637601 -16.336218 19.708277 79.178 85.060 3.825 6.250e+07 2
618 -7.467865 -7.877867 18.142719 116.507 40.185 106.265 6.250e+07 2
619 -7.539479 -8.037804 18.036793 104.498 -51.878 28.239 6.250e+07 2
620 -6.207174 -10.097635 18.951347 46.071 45.463 82.250 6.250e+07 2
621 -8.857895 -7.320817 18.777732 -37.349 -199.012 26.306 6.250e+07 2
622 -6.764983 -9.608398 16.575334 106.229 -109.540 90.044 6.250e+07 2
623 -7.301208 -7.280547 17.298650 -117.522 19.908 -155.118 6.250e+07 2
624 -5.834106 -6.004064 18.005153 -218.073 132.064 41.982 6.250e+07 2
625 -4.757742 -8.317638 16.781350 78.710 260.277 -79.084 6.250e+07 2
626 -13.945266 -6.483500 17.722891 55.277 -230.049 11.391 6.250e+07 2
627 -4.099538 -17.258866 17.713134 17.327 197.713 37.245 6.250e+07 2
628 -7.824270 -5.857160 17.778078 -62.886 6.654 58.415 6.250e+07 2
629 -13.563315 -0.759802 18.674162 -214.655 46.937 35.849 6.250e+07 2
630 2.062525 -14.790260 19.954740 72.541 76.711 29.371 6.250e+07 2
631 -3.193510 -3.692210 18.115821 -16.131 197.891 39.243 6.250e+07 2
632 -2.578185 7.074618 21.035448 -114.945 35.020 6.366 6.250e+07 2
633 -6.046421 -4.562212 15.378822 -211.805 -35.486 -46.771 6.250e+07 2
634 -12.410397 -7.648062 17.970266 32.509 -36.632 101.413 6.250e+07 2
635 -7.607457 -5.979863 19.382983 -7.897 -119.051 171.115 6.250e+07 2
636 -8.001375 -9.253180 17.485008 -40.463 -94.468 95.116 6.250e+07 2
637 -6.894573 -6.762638 16.194760 -182.801 292.707 134.667 6.250e+07 2
638 -7.762018 -7.081590 18.166084 -212.550 -241.697 -153.743 6.250e+07 2
639 -7.492529 -10.537846 18.169827 46.042 71.987 -92.507 6.250e+07 2
640 -7.714193 -7.975018 17.463218 110.083 -197.619 -66.895 6.250e+07 2
641 -11.031057 -3.943073 15.511178 -226.437 -157.801 28.328 6.250e+07 2
642 -6.192970 -3.749086 17.817950 -151.802 26.440 118.737 6.250e+07 2
643 -7.088598 -7.484574 17.904899 72.841 -48.081 159.573 6.250e+07 2
644 -1.463083 4.800624 15.553350 -68.283 -56.400 96.223 6.250e+07 2
645 -139.289199 -56.532311 3.208582 -50.742 -25.060 15.906 6.250e+07 2
646 -13.493948 -0.648787 18.102160 -185.560 -63.810 65.280 6.250e+07 2
647 4.639201 -9.066483 21.577685 6.600 104.653 32.941 6.250e+07 2
648 -7.489806 -5.888280 17.505992 -83.540 31.552 177.727 6.250e+07 2
649 -8.515330 -7.357875 17.645016 218.596 -41.891 -138.173 6.250e+07 2
650 -7.669263 -7.661038 17.736171 -21.754 -6.132 91.398 6.250e+07 2
651 -11.428702 -7.049669 17.256749 -239.372 39.402 -20.954 6.250e+07 2
652 -24.529690 -4.969085 14.806153 4.389 -113.979 17.192 6.250e+07 2
653 -27.666836 -10.917251 18.781961 21.708 -117.152 20.871 6.250e+07 2
654 -6.005039 -14.101690 18.091992 195.014 -40.374 99.776 6.250e+07 2
655 -8.062837 -13.725444 14.730596 61.483 -1.716 91.392 6.250e+07 2
656 -2.723672 -0.761020 15.501323 38.974 139.066 1.160 6.250e+07 2
657 -8.164252 -7.053704 18.083613 0.348 -65.661 -9.854 6.250e+07 2
658 -15.158598 -8.420802 16.521218 71.093 -164.675 36.892 6.250e+07 2
659 -10.421448 -14.348050 18.257211 174.885 -118.962 41.703 6.250e+07 2
660 -6.610378 -9.011763 18.980989 180.136 167.210 114.106 6.250e+07 2
661 -8.055946 -8.791306 16.508227 257.509 63.799 -34.558 6.250e+07 2
662 -8.712443 -9.378382 16.589789 -2.202 -165.485 -33.409 6.250e+07 2
663 -7.315808 -6.458027 19.112245 -170.836 -109.140 45.143 6.250e+07 2
664 -6.555921 -8.866463 17.297756 168.996 107.252 -124.675 6.250e+07 2
665 0.965893 0.024824 18.035640 -208.825 117.657 17.965 6.250e+07 2
666 -9.588718 -5.637746 17.718330 -197.063 -205.610 80.405 6.250e+07 2
667 -7.953673 -10.216424 18.642657 158.236 -24.608 67.045 6.250e+07 2
668 -9.586245 -7.240484 18.738048 -184.494 -113.552 126.696 6.250e+07 2
669 -2711.648673 954.204662 -59.166098 -3305.966 1163.296 -73.002 6.250e+07 2
670 -7.307778 -7.196320 18.652143 206.230 162.642 266.845 6.250e+07 2
671 -8.305408 -6.595362 18.314863 -237.883 -40.731 156.300 6.250e+07 2
672 -6.992102 -7.019832 17.990246 31.598 -12.456 114.394 6.250e+07 2
673 -5.857198 -9.246954 18.147079 308.956 61.945 162.632 6.250e+07 2
674 -1.473071 -4.459169 19.670197 -28.576 200.786 -11.843 6.250e+07 2
675 -8.498755 -0.982685 18.462914 -47.597 51.139 -47.731 6.250e+07 2
676 -8.030058 -8.199179 17.773607 128.596 99.866 -19.095 6.250e+07 2
677 -9.950699 -6.968596 16.879903 -178.783 -238.165 -41.389 6.250e+07 2
678 -10.267276 -11.564182 17.237904 113.201 -135.050 -84.157 6.250e+07 2
679 -6.775015 -10.742649 14.360088 180.472 -84.550 -83.673 6.250e+07 2
680 -7.211477 -6.888057 17.688195 29.323 -51.620 253.438 6.250e+07 2
681 -6.977239 -7.507397 17.066856 22.302 -31.877 0.978 6.250e+07 2
682 -2.336521 -5.409463 18.419253 16.184 265.485 55.988 6.250e+07 2
683 -28.306309 -7.341082 24.302779 15.820 -134.760 -3.829 6.250e+07 2
684 -7.161127 -5.924740 17.282475 -126.539 -172.608 -94.118 6.250e+07 2
685 -9.214197 -7.031851 18.682525 -68.159 -152.668 -94.076 6.250e+07 2
686 -1.738022 -11.019555 17.679661 49.602 192.374 -32.552 6.250e+07 2
687 -6.869613 -6.269657 17.299621 85.173 83.860 29.912 6.250e+07 2
688 -17.042949 0.452463 19.837225 -146.187 11.034 94.634 6.250e+07 2
689 2.696751 -9.005659 18.684532 114.406 162.230 9.566 6.250e+07 2
690 -7.391362 -7.062728 17.824508 111.802 -105.781 -70.975 6.250e+07 2
691 -9.283444 -14.557124 20.751177 177.988 -116.915 62.912 6.250e+07 2
692 -7.290917 -7.150106 18.724906 54.736 47.202 48.153 6.250e+07 2
693 -7.013565 -6.295066 16.183562 -16.010 41.608 6.086 6.250e+07 2
694 -8.490317 -8.215480 15.267061 -108.564 -231.263 -137.973 6.250e+07 2
695 -7.220290 -7.678428 17.706331 113.558 179.671 -74.081 6.250e+07 2
696 -8.167031 -8.795889 16.414553 -62.857 281.746 29.007 6.250e+07 2
697 -7.182640 -7.001863 18.376609 127.598 63.392 -53.353 6.250e+07 2
698 -10.703571 0.281727 19.018389 -85.455 -158.190 -1.119 6.250e+07 2
699 -7.877688 -1.996116 17.234744 -242.952 -35.211 92.126 6.250e+07 2
700 -0.222446 -14.373878 19.744536 61.078 116.635 -25.034 6.250e+07 2
701 -12.421842 -5.437431 18.312068 -13.793 -176.888 4.593 6.250e+07 2
702 -8.645460 -5.123296 17.918066 -82.106 -4.846 124.748 6.250e+07 2
703 -9.602286 -6.288930 17.937225 -171.361 -216.898 -44.781 6.250e+07 2
704 -9.665471 -6.183382 19.064268 -37.066 -2.226 -44.706 6.250e+07 2
705 -15.129211 -9.817321 19.319736 67.263 -188.158 34.564 6.250e+07 2
706 -10.442549 -3.930107 17.688934 60.843 -57.136 -23.346 6.250e+07 2
707 -7.541510 -7.871829 17.287533 25.539 -202.372 -131.894 6.250e+07 2
708 -9.709627 -5.484006 18.383934 -182.253 -4.255 89.502 6.250e+07 2
709 -6.649437 -6.734041 17.619802 1.564 -136.152 -41.584 6.250e+07 2
710 -6.453517 -8.312616 18.049116 86.630 111.899 -73.274 6.250e+07 2
711 -8.479731 -7.032466 18.625395 -137.179 -67.638 13.634 6.250e+07 2
712 -3.851349 -6.088737 18.317634 79.885 141.279 -37.121 6.250e+07 2
713 -7.694228 -6.965032 17.812077 -133.656 -33.957 39.663 6.250e+07 2
714 -9.818611 -11.442095 17.386227 -72.903 -123.432 -20.365 6.250e+07 2
715 -12.961653 2.811595 19.566051 -156.439 25.821 64.538 6.250e+07 2
716 -5.105638 -3.888978 19.317143 -132.442 78.956 41.049 6.250e+07 2
717 -5.680890 -7.781470 17.542473 -31.454 -25.456 -4.925 6.250e+07 2
718 -6.282111 -7.965415 17.988769 109.595 221.231 157.798 6.250e+07 2
719 -16.079303 1.456667 17.489844 -119.959 -64.592 -15.874 6.250e+07 2
720 -11.810565 -7.220432 19.032383 -52.750 -212.674 5.459 6.250e+07 2
721 -6.286834 -10.861851 18.117132 125.783 -108.107 -134.976 6.250e+07 2
722 -8.359029 -7.730654 17.673767 342.836 -56.670 60.651 6.250e+07 2
723 -3.535847 -9.753267 17.292129 167.627 204.589 -45.785 6.250e+07 2
724 -10.545667 16.476550 14.059975 -79.685 -51.997 -24.041 6.250e+07 2
725 -7.628207 -7.815645 17.165003 51.473 -26.815 86.880 6.250e+07 2
726 -8.241020 -8.338922 19.145901 101.754 -137.120 -78.277 6.250e+07 2
727 -13.671634 -12.133399 17.891941 254.658 -168.750 30.503 6.250e+07 2
728 -9.369271 -2.850761 17.095526 -11.311 38.967 52.163 6.250e+07 2
729 -8.555041 -9.758162 18.126397 -64.026 -139.604 36.508 6.250e+07 2
730 -6.954757 -7.034124 17.856234 -49.151 204.545 -20.493 6.250e+07 2
731 -27.678897 -7.436681 21.905838 112.028 -21.685 -8.449 6.250e+07 2
732 -786.727409 -282.857996 -46.590787 -932.492 -336.342 -55.081 6.250e+07 2
733 -5.839861 -25.600806 17.466420 69.094 68.942 11.030 6.250e+07 2
734 -7.501950 -6.848964 17.326563 46.493 -91.631 6.701 6.250e+07 2
735 -7.450436 -5.331462 18.170597 -127.303 164.525 224.764 6.250e+07 2
736 -53.544470 -13.112821 18.436912 -72.494 -20.411 16.264 6.250e+07 2
737 -7.326012 -7.066273 17.621544 -24.800 -4.734 -13.105 6.250e+07 2
738 -15.407500 -7.718664 18.775009 -37.327 -156.542 -24.184 6.250e+07 2
739 -8.145081 -6.686475 18.137859 121.718 66.582 227.112 6.250e+07 2
740 -8.416456 -6.408516 14.624762 -107.682 -21.289 -30.105 6.250e+07 2
741 -6.691654 -8.770741 18.781543 84.186 60.109 38.351 6.250e+07 2
742 -3.232641 5.343755 17.246181 -229.973 28.596 16.987 6.250e+07 2
743 -0.240895 15.124672 21.412566 -116.995 15.781 20.971 6.250e+07 2
744 -7.773459 -10.126831 18.012937 139.157 -78.776 47.598 6.250e+07 2
745 -6.729646 -8.353205 18.158249 13.389 60.688 -100.167 6.250e+07 2
746 -5.906507 -4.611362 18.285898 -122.278 27.886 -43.161 6.250e+07 2
747 -10.923190 -8.907148 17.017342 80.058 -170.665 93.522 6.250e+07 2
748 -8.011721 -6.241640 17.879010 -215.927 67.311 168.634 6.250e+07 2
749 -14.518343 -3.440658 17.242552 154.264 -148.580 55.261 6.250e+07 2
750 -9.581698 -6.295630 17.556133 123.900 -58.682 3.568 6.250e+07 2
751 -10.282500 -6.248002 17.544143 -112.178 -185.257 173.301 6.250e+07 2
752 -8.137754 -6.995059 17.418857 159.264 -96.688 37.996 6.250e+07 2
753 -4.986610 -4.506287 18.001514 -176.982 121.812 -11.092 6.250e+07 2
754 -7.525762 -7.512702 17.697910 -1.698 -16.769 152.599 6.250e+07 2
755 -7.375370 -7.325330 18.186281 -90.085 84.388 166.867 6.250e+07 2
756 -7.271689 -6.848769 18.489294 167.319 -161.351 -159.073 6.250e+07 2
757 -0.958035 -1.335060 19.503585 -68.123 -15.739 43.923 6.250e+07 2
758 303.272378 -201.960597 -63.451043 319.583 -214.204 -65.175 6.250e+07 2
759 -6.829721 -7.305564 17.714044 235.783 69.510 -14.470 6.250e+07 2
760 -10.471173 -8.246500 18.087071 7.174 -212.776 64.500 6.250e+07 2
761 -8.635989 -3.161202 15.954376 -164.065 -22.622 11.497 6.250e+07 2
762 -6.816831 -7.415877 17.590618 -153.215 226.313 171.084 6.250e+07 2
763 -7.034157 -8.277293 17.267704 58.509 199.835 53.220 6.250e+07 2
764 -6.865838 -7.759437 20.033377 43.097 -92.310 -2.191 6.250e+07 2
765 -5.584951 -7.252089 14.734626 27.552 76.350 -37.881 6.250e+07 2
766 -4.126512 -8.126148 18.770307 86.026 147.572 -0.849 6.250e+07 2
767 -6.734189 -7.994622 17.303056 98.828 212.773 -18.884 6.250e+07 2
768 -6.644834 -5.406753 17.596567 -7.441 28.688 -74.291 6.250e+07 2
769 -7.642528 -8.115937 17.230895 -192.056 -215.602 19.312 6.250e+07 2
770 -7.845779 -6.441968 17.877280 -168.409 -39.797 45.371 6.250e+07 2
771 -5.784633 -7.291700 18.772852 4.728 165.061 -25.069 6.250e+07 2
772 -9.556963 -5.943969 18.583545 -5.075 -147.185 85.708 6.250e+07 2
773 -9.015077 -5.840398 17.343097 25.241 119.587 23.812 6.250e+07 2
774 -7.225128 -6.824567 17.253584 -256.379 67.949 103.270 6.250e+07 2
775 -8.513906 -8.664557 17.211663 10.611 -60.583 -6.350 6.250e+07 2
776 -9.641734 -15.923172 16.823771 173.491 -74.310 1.932 6.250e+07 2
777 -10.547083 -3.962286 16.330495 -95.584 -209.366 -17.238 6.250e+07 2
778 0.973568 -8.561350 17.438254 -44.302 177.071 19.958 6.250e+07 2
779 -7.760403 -7.598726 16.874952 133.708 -65.814 -34.312 6.250e+07 2
780 -8.005214 -1.132600 18.741415 -238.417 189.604 0.294 6.250e+07 2
781 -6.835196 1.973378 30.767723 -20.624 -23.329 6.566 6.250e+07 2
782 -6.113415 -7.547892 17.166238 -28.992 22.920 -31.966 6.250e+07 2
783 -7.170133 -7.145264 17.722912 112.792 -69.162 -12.684 6.250e+07 2
784 -8.005875 -7.930316 17.566263 175.205 -268.882 -93.083 6.250e+07 2
785 -6.257813 5.868670 14.614344 -134.032 -60.819 23.877 6.250e+07 2
786 -10.330318 0.190814 19.895776 -172.734 59.018 112.809 6.250e+07 2
787 698.487110 -288.557402 81.801777 823.301 -340.373 97.580 6.250e+07 2
788 -7.697336 -5.400026 17.248880 -88.256 28.491 106.991 6.250e+07 2
789 -14.407262 1.180811 15.647096 -98.478 -229.607 32.578 6.250e+07 2
790 -7.214753 -6.984915 19.291555 134.982 57.868 31.212 6.250e+07 2
791 -9.850574 -12.072401 19.196816 127.377 -41.701 -72.514 6.250e+07 2
792 -18.462295 -9.894363 17.035988 18.619 -76.932 -21.417 6.250e+07 2
793 -6.555778 -9.186322 17.898087 24.275 54.371 25.315 6.250e+07 2
794 -7.136880 -4.838034 17.230017 -193.557 322.869 38.256 6.250e+07 2
795 -7.327211 -10.673264 18.784517 43.286 -85.260 -39.394 6.250e+07 2
796 -12.447108 -3.779400 18.203341 -27.243 -116.718 64.884 6.250e+07 2
797 -9.099324 -5.938116 17.871985 25.276 -20.521 -82.159 6.250e+07 2
798 -7.924717 -7.188819 18.682016 110.554 -13.343 93.534 6.250e+07 2
799 -11.245653 5.399337 16.529364 -43.511 4.805 36.637 6.250e+07 2
800 -0.261296 -6.938652 17.798810 -80.432 168.335 3.734 6.250e+07 2
801 -10.622566 -3.596632 17.983606 -225.026 -104.822 -14.584 6.250e+07 2
802 -6.257861 -10.792620 15.928359 94.866 40.959 41.108 6.250e+07 2
803 -6.803608 -8.558946 17.898223 96.649 263.002 -139.612 6.250e+07 2
804 -7.020666 -6.164731 17.895842 13.175 -136.732 -196.972 6.250e+07 2
805 -16.225598 -9.864735 18.351009 145.081 -84.145 13.785 6.250e+07 2
806 -7.986413 -5.552857 16.943120 -69.434 -51.543 -82.691 6.250e+07 2
807 -8.601555 -2.180427 18.177692 -228.332 58.058 -90.612 6.250e+07 2
808 -3.939809 -13.702952 13.922502 38.914 -122.188 -86.105 6.250e+07 2
809 -3.272280 9.166110 19.545600 -122.130 -68.267 -3.559 6.250e+07 2
810 -6.794261 -6.376975 18.138101 45.478 181.064 110.776 6.250e+07 2
811 -9.223641 -7.550043 18.481656 97.860 -157.870 70.436 6.250e+07 2
812 -4.429473 -1.502951 20.444776 -102.142 237.210 112.558 6.250e+07 2
813 -8.655295 -6.668894 17.712269 122.364 -159.718 7.041 6.250e+07 2
814 -7.541298 -8.374470 17.495873 84.274 -222.612 -9.437 6.250e+07 2
815 -7.365697 -5.522240 17.908340 -245.067 74.386 -165.289 6.250e+07 2
816 -6.521116 -6.714020 17.761051 193.298 -28.645 118.119 6.250e+07 2
817 -9.108284 -11.086663 18.581712 69.732 -122.340 -90.215 6.250e+07 2
818 769.024476 -28.227079 -55.507335 907.925 -33.956 -65.306 6.250e+07 2
819 -4.073664 -5.104885 18.714035 -320.048 -49.307 -115.955 6.250e+07 2
820 -5.639997 -10.326807 16.496443 133.540 164.136 -8.592 6.250e+07 2
821 -8.858265 -6.466843 17.739893 -161.479 -41.772 97.280 6.250e+07 2
822 -5.859229 -6.242575 17.159266 48.166 106.609 -51.388 6.250e+07 2
823 -8.460734 -7.645494 16.841974 -160.772 -156.670 -43.630 6.250e+07 2
824 -1628.528056 -4726.184903 -14.536594 -1988.802 -5771.756 -17.796 6.250e+07 2
825 -7.613972 -6.742341 18.181206 57.175 -28.752 154.059 6.250e+07 2
826 -5.968537 -5.647582 18.562051 -139.740 44.219 140.435 6.250e+07 2
827 -6.719969 -6.659639 17.261187 -163.737 32.397 -194.587 6.250e+07 2
828 -7.457902 -3.605946 17.174382 -92.620 -51.875 26.867 6.250e+07 2
829 130.433581 -1911.852719 -40.109553 159.431 -2324.106 -49.064 6.250e+07 2
830 -5.963057 -1.103695 16.790701 -261.878 -187.302 -17.453 6.250e+07 2
831 -8.366930 -9.130065 17.462309 110.043 28.060 -45.018 6.250e+07 2
832 -8.711528 -7.632597 17.231599 120.860 21.977 -81.970 6.250e+07 2
833 -13.345534 0.881569 17.188073 -55.400 -119.334 20.877 6.250e+07 2
834 -5.581495 -8.234840 18.081974 -36.551 321.738 21.969 6.250e+07 2
835 238.739693 -2056.036537 -43.318227 289.437 -2500.152 -53.017 6.250e+07 2
836 -5.211950 -9.828047 19.941541 -120.982 77.072 10.214 6.250e+07 2
837 -10.070655 -10.036846 17.630223 36.433 -142.840 80.072 6.250e+07 2
838 -2.745443 -6.847846 18.035535 110.217 46.773 -30.089 6.250e+07 2
839 -6.786444 -18.421872 16.902632 102.735 25.656 57.264 6.250e+07 2
840 -4.771373 -4.477750 17.617996 -138.404 -66.922 58.945 6.250e+07 2
841 -5.572390 -15.663291 15.362486 115.533 -4.535 34.946 6.250e+07 2
842 -4.537285 -9.141785 18.328406 26.191 143.776 -48.784 6.250e+07 2
843 4.726473 -3.504394 13.306093 121.919 38.630 -11.190 6.250e+07 2
844 -8.487218 -9.531145 18.293357 216.267 59.291 106.415 6.250e+07 2
845 -17.497321 -2.263904 19.180464 -19.599 -159.666 -2.766 6.250e+07 2
846 -7.722489 -2.985090 16.120514 -81.187 67.233 -83.447 6.250e+07 2
847 -9.071062 -7.154316 17.271475 -115.235 -186.916 131.443 6.250e+07 2
848 -742.022014 -472.962349 -81.360208 -883.032 -561.891 -96.994 6.250e+07 2
849 -7.562993 -1.348587 17.864664 -195.979 16.464 -38.557 6.250e+07 2
850 -10.113406 -0.988280 17.724447 -13.955 -258.812 114.914 6.250e+07 2
851 -5.952001 -8.993809 17.561119 -41.495 231.237 29.451 6.250e+07 2
852 -6.705244 -7.836393 18.296559 201.574 417.803 126.275 6.250e+07 2
853 -5.477124 -6.446253 18.358110 -16.572 21.986 -26.390 6.250e+07 2
854 -11.083767 -5.163364 17.688527 67.823 -349.565 88.722 6.250e+07 2
855 -7.172382 -7.509180 18.290093 -96.127 -45.188 -56.810 6.250e+07 2
856 -6.247751 -3.129658 17.589642 -113.768 80.695 -53.510 6.250e+07 2
857 -7.434128 -7.396819 18.530197 -67.850 134.618 -148.716 6.250e+07 2
858 -6.224744 -8.111717 17.055727 -79.033 141.289 181.668 6.250e+07 2
859 -9.882011 -7.525525 16.935187 -14.751 -157.565 68.439 6.250e+07 2
860 -8.478392 -9.438634 19.620267 -61.844 54.962 50.851 6.250e+07 2
861 -7.609603 -7.088385 17.534392 53.426 -82.284 103.134 6.250e+07 2
862 -7.360542 -6.566076 18.492257 -38.410 -62.681 -89.539 6.250e+07 2
863 -7.620235 2.258218 17.261519 -114.592 -130.357 76.335 6.250e+07 2
864 -8.717884 -5.896910 18.211809 -295.789 -53.396 86.309 6.250e+07 2
865 -7.705575 -8.831991 17.597534 -96.500 -74.976 121.468 6.250e+07 2
866 -8.510363 -7.597547 17.383550 -208.097 28.892 -17.358 6.250e+07 2
867 -13.202754 -9.563686 16.947015 -118.130 -125.204 93.566 6.250e+07 2
868 -19.667267 -14.298997 16.895156 -30.048 -185.248 -2.133 6.250e+07 2
869 -7.003313 -6.362915 17.971156 -203.970 144.927 142.969 6.250e+07 2
870 -6.707236 -4.272653 18.517756 -61.205 -87.066 39.994 6.250e+07 2
871 -6.778816 -6.541529 16.972190 -101.746 50.151 -7.785 6.250e+07 2
872 -13.017018 -9.840841 18.929355 139.224 -147.550 2.856 6.250e+07 2
873 -0.920118 -3.291182 21.713708 -109.670 54.065 -6.899 6.250e+07 2
874 -7.499776 -8.715165 17.500854 142.484 -75.446 -171.620 6.250e+07 2
875 -8.161658 -4.658422 17.842021 -197.873 -80.070 15.102 6.250e+07 2
876 -7.525223 -6.556949 19.437601 125.097 137.444 -214.798 6.250e+07 2
877 -7.735761 -6.865066 16.976475 105.006 75.753 212.890 6.250e+07 2
878 -7.962163 -6.007363 17.893925 -344.283 -1.516 -3.471 6.250e+07 2
879 -4.704415 -6.158754 15.448959 -51.548 25.432 61.258 6.250e+07 2
880 -11.054527 -9.458946 19.463267 106.828 -81.436 -44.551 6.250e+07 2
881 -20.107639 -6.436563 17.898180 -118.271 -136.300 26.364 6.250e+07 2
882 -15.844701 -24.267713 17.776050 48.381 63.897 19.022 6.250e+07 2
883 -275.841444 447.428614 70.656570 -315.543 505.653 81.001 6.250e+07 2
884 -3.355894 -6.603139 17.323247 -51.120 215.378 96.507 6.250e+07 2
885 -5.986254 -7.789728 19.799845 57.662 122.173 129.140 6.250e+07 2
886 -10.544784 -9.204093 18.325703 281.154 -150.324 -49.001 6.250e+07 2
887 -18.132970 -4.246966 17.437159 -116.710 -94.652 7.339 6.250e+07 2
888 -3.440971 -6.625907 16.043718 -28.605 315.650 27.208 6.250e+07 2
889 -4.237233 0.067301 18.065079 -169.240 115.276 41.167 6.250e+07 2
890 -8.001474 -7.103091 18.053775 -144.531 -145.994 96.196 6.250e+07 2
891 -8.532561 -7.028543 18.642145 1.560 26.199 96.825 6.250e+07 2
892 -6.531553 1.307493 19.254554 -152.297 177.177 -10.024 6.250e+07 2
893 -8.102301 -5.664194 18.199417 -211.726 -46.591 -119.720 6.250e+07 2
894 -6.578790 -8.038663 17.589151 109.372 123.463 81.204 6.250e+07 2
895 -5.912786 -2.676258 18.999393 -62.757 -92.856 -13.589 6.250e+07 2
896 -6.298459 -3.481415 17.829187 -210.509 160.444 62.222 6.250e+07 2
897 -2.280726 -5.082802 18.367990 44.118 19.197 0.281 6.250e+07 2
898 -7.900473 -7.429472 17.647774 -85.801 97.118 -35.479 6.250e+07 2
899 -9.198517 -7.455616 17.770696 -88.211 149.824 62.128 6.250e+07 2
900 -2.749251 -8.786555 17.326894 -145.870 113.113 -15.007 6.250e+07 2
901 501.195068 -284.912501 -58.916461 576.006 -327.982 -67.009 6.250e+07 2
902 -1026.417473 -25.394027 -66.713555 -1229.762 -30.970 -80.330 6.250e+07 2
903 -1.726653 -5.704487 18.193576 -13.023 94.359 -70.198 6.250e+07 2
904 -6.662584 -7.021551 17.201150 86.019 61.374 98.865 6.250e+07 2
905 -10.101441 -7.229781 15.737228 44.703 -20.986 -58.198 6.250e+07 2
906 -9.298390 0.432705 16.108627 -191.641 -91.892 -34.781 6.250e+07 2
907 -7.042745 -6.519119 18.025849 -267.821 42.888 -63.548 6.250e+07 2
908 10.826642 -25.535992 19.855213 152.340 -21.902 38.894 6.250e+07 2
909 -7.136736 -4.713853 16.915676 -282.600 -150.330 127.238 6.250e+07 2
910 -6.935823 -6.856029 17.144365 -36.513 -47.313 -4.488 6.250e+07 2
911 -6.166027 -8.044532 15.815537 208.852 41.375 -98.009 6.250e+07 2
912 -11.575048 -7.714406 17.303159 53.240 -197.730 55.731 6.250e+07 2
913 -0.357333 -5.320303 22.031044 -56.670 4.988 -23.052 6.250e+07 2
914 -8.834912 -8.488271 17.907808 -135.374 -8.173 85.744 6.250e+07 2
915 -6.600889 -7.409454 17.939693 -238.938 82.887 -92.957 6.250e+07 2
916 -8.317608 -5.830341 17.764070 6.408 -142.364 8.783 6.250e+07 2
917 -3.891998 -11.244113 17.182765 41.961 -12.823 9.679 6.250e+07 2
918 -1.148728 -9.677365 18.092135 -14.606 129.075 46.044 6.250e+07 2
919 -9.647246 -8.322081 18.722410 210.256 -83.470 5.425 6.250e+07 2
920 -4.821121 -2.982213 19.432343 -164.145 160.068 67.282 6.250e+07 2
921 -5.881991 -7.664524 17.029084 228.937 -8.491 -31.751 6.250e+07 2
922 -7.649977 -2.860002 17.838870 -206.255 -89.119 -45.019 6.250e+07 2
923 -4.321614 6.809011 18.373409 -112.601 82.403 -27.850 6.250e+07 2
924 -4.063122 4.773151 17.191763 -158.732 -97.787 55.984 6.250e+07 2
925 -8.543463 -9.551744 18.068361 220.242 -150.241 108.607 6.250e+07 2
926 -5.071051 -7.770944 18.054705 26.799 188.002 8.454 6.250e+07 2
927 -3.835447 -8.362189 16.490733 -34.111 52.853 24.050 6.250e+07 2
928 -7.439476 -7.480801 18.196915 31.702 -81.560 -124.360 6.250e+07 2
929 -2.128162 2.383714 14.837855 -17.879 46.439 63.781 6.250e+07 2
930 -40.325420 -15.927945 28.561675 -2.592 -0.542 10.637 6.250e+07 2
931 -7.140869 -7.233932 17.837411 -29.850 407.779 29.910 6.250e+07 2
932 -7.036697 -6.945496 18.193762 -50.616 -89.042 191.824 6.250e+07 2
933 -2.921426 -6.973668 17.258319 15.831 99.680 110.577 6.250e+07 2
934 -6.546322 -12.628837 17.272062 259.498 -4.221 95.923 6.250e+07 2
935 -7.741327 -7.807104 18.432285 84.452 -171.160 -9.706 6.250e+07 2
936 -8.597729 -7.749603 18.476186 176.984 294.868 -193.543 6.250e+07 2
937 -7.077146 -4.360563 18.352553 -162.105 37.642 36.402 6.250e+07 2
938 -12.344681 -8.124828 16.677730 60.874 -139.627 50.412 6.250e+07 2
939 -7.024315 -7.448068 17.236303 -228.341 114.960 156.945 6.250e+07 2
940 -8.425674 -6.325867 17.163744 -211.906 142.876 139.803 6.250e+07 2
941 -13.018608 -10.390115 16.953037 94.987 -35.865 108.910 6.250e+07 2
942 -8.414170 -8.999593 17.065718 23.763 -75.414 105.175 6.250e+07 2
943 -10.736010 -10.001303 17.825124 273.380 -110.507 -19.611 6.250e+07 2
944 -9.254695 -8.376070 16.506042 155.768 -143.157 0.183 6.250e+07 2
945 -8.528918 -2.657826 18.048159 -157.933 -227.306 -62.878 6.250e+07 2
946 -9.311194 -10.097819 16.748885 80.825 -78.720 27.486 6.250e+07 2
947 -6.048253 -4.486008 18.115201 -152.630 102.148 -33.294 6.250e+07 2
948 -12.714197 -8.100608 17.691169 54.594 -257.065 80.527 6.250e+07 2
949 -8.021588 -7.307476 17.358975 35.739 34.555 -47.720 6.250e+07 2
950 -8.591419 -3.558545 17.765300 -35.930 63.051 77.518 6.250e+07 2
951 -6.613769 -7.088922 17.649851 -139.279 197.383 80.380 6.250e+07 2
952 1730.989019 -885.900206 44.034576 2104.001 -1076.847 53.877 6.250e+07 2
953 -19.689426 -16.033355 21.045639 33.155 -79.986 37.363 6.250e+07 2
954 -0.556320 -6.782126 17.661839 30.694 206.228 16.899 6.250e+07 2
955 -10.558216 -3.333128 18.245870 -217.243 -104.467 13.683 6.250e+07 2
956 -2.182886 -1.688972 18.336016 -107.304 155.709 38.931 6.250e+07 2
957 -7.587906 -7.138388 18.433205 -218.487 15.956 230.838 6.250e+07 2
958 -10.726056 -8.053852 18.336365 -8.825 -235.786 -98.623 6.250e+07 2
959 -8.801882 -5.981316 17.908932 -87.775 38.406 205.162 6.250e+07 2
960 -8.483602 -7.467972 17.049026 -217.729 -32.279 240.183 6.250e+07 2
961 -3.417680 -10.280383 16.449050 147.497 148.600 107.493 6.250e+07 2
962 -7.747935 -5.967711 18.284068 -121.442 54.960 114.944 6.250e+07 2
963 -10.033240 -10.401873 18.652326 153.068 -182.933 -107.813 6.250e+07 2
964 -7.667586 -9.661858 17.746661 126.167 43.624 58.731 6.250e+07 2
965 -9.980039 -4.691603 18.739740 -101.996 -183.577 8.652 6.250e+07 2
966 0.507422 -7.012753 19.465856 18.932 160.432 -6.150 6.250e+07 2
967 -4.641763 -8.463675 19.033442 -46.923 -26.097 11.873 6.250e+07 2
968 -9.790323 -10.405828 18.358071 191.385 -46.616 -16.715 6.250e+07 2
969 -7.338396 -7.531196 17.360933 126.063 96.659 -47.204 6.250e+07 2
970 -11.783866 -12.711117 18.047807 123.508 17.857 -17.321 6.250e+07 2
971 -5.241595 -7.047533 17.140373 -72.758 66.800 -6.512 6.250e+07 2
972 -6.829653 -8.488031 18.113524 -33.190 -12.657 178.169 6.250e+07 2
973 -6.750294 -7.994945 17.679182 159.633 72.886 -80.605 6.250e+07 2
974 -5.611437 -7.587773 17.582778 -107.413 200.817 24.955 6.250e+07 2
975 -18.015511 -9.930870 17.423009 -89.935 -177.972 53.091 6.250e+07 2
976 -9.458630 -7.448729 17.070425 32.708 -332.652 98.790 6.250e+07 2
977 -6.216572 -7.200813 17.040537 89.926 175.093 48.583 6.250e+07 2
978 -8.686043 -8.920417 17.377941 112.438 -245.146 -90.696 6.250e+07 2
979 -7.271020 -6.240208 18.033361 -73.160 32.957 202.037 6.250e+07 2
980 -7.819193 -7.552418 17.662704 204.180 -77.963 20.738 6.250e+07 2
981 -7.342673 -8.367274 18.525573 -79.035 42.974 129.583 6.250e+07 2
982 -8.493529 -6.975265 17.517047 -75.558 -23.067 148.697 6.250e+07 2
983 -8.380494 -6.767773 18.532381 59.134 200.826 92.235 6.250e+07 2
984 -7.018677 -8.930288 17.828947 197.546 20.361 189.425 6.250e+07 2
985 -4.149392 0.427349 16.652871 -173.388 -60.673 15.806 6.250e+07 2
986 -5.876494 -5.443757 18.733749 -111.630 249.380 30.417 6.250e+07 2
987 -7.876092 -8.120397 17.664607 79.608 40.667 -133.949 6.250e+07 2
988 -5.317282 -6.388500 19.100699 -189.774 47.751 22.415 6.250e+07 2
989 -10.938844 -3.681311 18.728904 -234.410 65.114 174.924 6.250e+07 2
990 -8.029447 -8.360266 18.134502 140.523 90.770 -85.708 6.250e+07 2
991 -8.835544 -5.641027 17.469209 -4.428 52.187 29.290 6.250e+07 2
992 -2.219695 -11.392667 15.857355 142.646 -41.024 -29.856 6.250e+07 2
993 -7.050509 -8.551408 17.612074 160.673 -154.492 -175.021 6.250e+07 2
994 -4.993205 -13.625422 16.394118 196.977 33.344 6.037 6.250e+07 2
995 -9.135407 -7.953494 17.673619 -113.972 -143.012 219.096 6.250e+07 2
996 -7.718363 -2.896903 15.353763 50.363 -59.316 98.060 6.250e+07 2
997 -7.623081 -9.708277 17.183339 231.046 110.769 80.149 6.250e+07 2
998 -8.610700 -6.006005 17.797444 71.321 -304.559 -63.520 6.250e+07 2
999 -5.670570 -10.103474 17.156590 88.542 141.846 114.828 6.250e+07 2
