# MOND N-body snapshot at t = 1.601 Gyr
# id x(kpc) y(kpc) z(kpc) vx(km/s) vy(km/s) vz(km/s) mass(M_sun) type
0 30.813697 -55.436207 -53.628296 -0.295 -2.862 85.769 5.000e+07 1
1 6.988710 -16.305972 33.468468 79.896 -71.650 -116.530 5.000e+07 1
2 6.843364 -15.064009 31.390945 -63.088 -55.104 5.144 5.000e+07 1
3 6.702275 -11.517020 34.956497 96.116 -38.457 -63.141 5.000e+07 1
4 10.913196 -9.474739 31.766520 -96.956 87.992 -73.421 5.000e+07 1
5 5.974940 -13.488989 32.988893 75.179 -169.750 120.674 5.000e+07 1
6 8.538466 -14.059586 34.388582 -26.644 25.371 -203.435 5.000e+07 1
7 15.082275 -31.794325 38.763860 135.714 -254.994 106.066 5.000e+07 1
8 7.350408 -19.358094 31.132362 109.659 154.506 95.910 5.000e+07 1
9 7.632422 -14.409878 32.824219 40.987 16.974 -77.245 5.000e+07 1
10 5.889729 -14.620716 32.434250 214.672 -64.737 -67.229 5.000e+07 1
11 7.391533 -14.154782 33.514521 3.050 -304.612 -10.234 5.000e+07 1
12 8.612054 -9.446810 34.146995 -147.639 111.947 34.090 5.000e+07 1
13 6.838009 -13.520268 33.137485 -37.898 -14.138 39.312 5.000e+07 1
14 4.264653 -13.055120 32.384480 -60.992 -140.848 40.174 5.000e+07 1
15 8.719963 -12.687833 36.169352 -20.226 5.217 -19.158 5.000e+07 1
16 8.295068 -14.464141 31.677181 -221.286 -213.587 31.670 5.000e+07 1
17 1.426167 -5.185652 42.923213 -205.475 243.466 93.839 5.000e+07 1
18 8.335456 -14.964994 30.639528 -150.045 -4.057 -39.253 5.000e+07 1
19 6.399331 -13.325011 32.840025 261.352 -71.984 209.938 5.000e+07 1
20 7.479175 -15.494229 33.010547 48.849 191.902 -29.251 5.000e+07 1
21 6.825255 -14.353894 33.656789 -32.989 -211.133 3.437 5.000e+07 1
22 11.620057 -12.974438 37.025232 90.674 83.001 99.782 5.000e+07 1
23 5.300419 -14.487176 33.338068 31.145 -169.622 117.256 5.000e+07 1
24 6.590012 -14.045210 31.864050 -355.224 22.851 27.879 5.000e+07 1
25 81.247744 -38.946834 85.978597 169.149 -68.168 109.177 5.000e+07 1
26 10.641536 -22.638448 55.761123 26.562 -39.979 6.947 5.000e+07 1
27 5.246265 -13.556661 31.526458 -40.357 3.556 -88.408 5.000e+07 1
28 7.136201 -11.292768 33.730481 -75.457 -158.902 101.614 5.000e+07 1
29 8.545450 -13.562808 32.499696 -221.199 12.391 187.750 5.000e+07 1
30 11.550320 -14.212591 31.659279 26.222 129.674 0.290 5.000e+07 1
31 11.830620 -17.980336 35.534674 117.448 34.591 122.723 5.000e+07 1
32 13.333588 -10.838413 35.385800 109.653 96.320 22.908 5.000e+07 1
33 7.399700 -11.239081 33.172320 55.806 21.256 20.803 5.000e+07 1
34 6.993631 -12.586170 32.619158 -288.523 56.057 -185.433 5.000e+07 1
35 5.059705 -16.545005 30.304481 -10.297 -174.202 -188.100 5.000e+07 1
36 7.847931 -11.238281 34.738418 -52.064 -63.250 36.778 5.000e+07 1
37 1.916946 -13.865013 34.359210 -246.142 -62.688 58.286 5.000e+07 1
38 0.030920 -18.860407 46.849107 8.943 -45.157 45.703 5.000e+07 1
39 7.919576 -13.009399 33.154897 -81.365 203.709 -66.274 5.000e+07 1
40 8.621466 -13.284055 31.975752 -123.286 190.335 141.464 5.000e+07 1
41 6.539717 -9.962815 33.043086 -115.726 -11.540 -20.133 5.000e+07 1
42 9.965232 -17.924950 32.767267 175.278 -46.127 -102.020 5.000e+07 1
43 4.355495 -14.633627 33.382121 -9.990 -83.306 -57.959 5.000e+07 1
44 8.029228 -12.389326 32.266575 -194.832 -286.526 -108.294 5.000e+07 1
45 17.031802 -18.352494 30.594109 95.925 136.991 -47.567 5.000e+07 1
46 8.736098 -10.930572 34.371093 -268.643 -61.805 -96.552 5.000e+07 1
47 7.023787 -13.457411 33.748226 -44.420 -144.768 152.029 5.000e+07 1
48 8.261559 -12.910067 32.669193 -176.589 99.528 -136.520 5.000e+07 1
49 9.161787 -16.790052 33.504325 59.119 180.385 -13.526 5.000e+07 1
50 8.756350 -14.916482 35.493971 238.167 57.255 -9.342 5.000e+07 1
51 11.500276 -7.455235 37.598894 27.059 225.555 92.997 5.000e+07 1
52 13.998270 -16.347143 34.597304 114.039 114.507 -96.990 5.000e+07 1
53 6.928125 -15.649958 37.117009 184.887 41.670 25.897 5.000e+07 1
54 3.671626 -18.108113 34.599507 71.270 -191.723 148.738 5.000e+07 1
55 7.811776 -18.809007 31.585469 -70.981 -105.836 41.217 5.000e+07 1
56 7.651297 -15.875416 34.842098 198.215 -45.577 150.722 5.000e+07 1
57 7.129271 -16.741793 33.636401 40.123 -54.524 -16.536 5.000e+07 1
58 0.424396 -6.976477 26.853340 29.928 -40.117 23.739 5.000e+07 1
59 7.867048 -12.090998 31.618222 -163.483 273.184 27.528 5.000e+07 1
60 6.395362 -16.132837 32.686418 -113.096 -49.101 -22.936 5.000e+07 1
61 7.069706 -14.603364 33.597930 128.266 126.693 31.687 5.000e+07 1
62 9.360002 -14.026337 31.601393 140.720 221.636 -185.146 5.000e+07 1
63 10.911581 -15.706809 35.043200 5.749 104.203 -103.618 5.000e+07 1
64 10.742579 -16.077173 32.535976 7.050 -25.424 -2.825 5.000e+07 1
65 7.572989 -9.501952 30.999106 -152.437 32.434 -33.614 5.000e+07 1
66 8.442863 -19.733905 32.247098 170.237 -57.128 -42.932 5.000e+07 1
67 6.689675 -15.756213 32.580845 259.439 -46.555 -7.221 5.000e+07 1
68 5.887301 -14.321012 33.776622 63.833 -65.619 130.251 5.000e+07 1
69 7.319303 -25.299594 31.783164 134.224 -184.290 -6.747 5.000e+07 1
70 4.201036 -13.351988 27.854198 -94.269 12.752 -219.523 5.000e+07 1
71 11.157675 -9.367939 33.916416 -107.407 162.899 61.373 5.000e+07 1
72 6.293836 -17.994272 31.064822 108.832 -45.338 14.555 5.000e+07 1
73 28.173846 44.105437 28.908321 -4.991 -38.901 -0.688 5.000e+07 1
74 -9.258407 -14.090962 49.926783 155.071 23.674 -130.180 5.000e+07 1
75 0.020781 -17.091206 30.542523 -51.016 -102.735 -1.724 5.000e+07 1
76 9.100317 -14.499385 32.913177 -327.858 152.198 -5.793 5.000e+07 1
77 10.777687 -19.763790 30.071722 47.667 244.364 56.094 5.000e+07 1
78 7.110727 -11.643968 30.915094 -209.660 171.322 -129.468 5.000e+07 1
79 8.565033 -12.611816 31.381095 -121.736 -94.015 -57.728 5.000e+07 1
80 6.749885 -15.992684 31.211612 244.737 -87.174 178.884 5.000e+07 1
81 8.570534 -14.389511 32.708985 226.586 254.550 49.301 5.000e+07 1
82 6.927076 -14.486046 33.191284 -160.897 -75.363 -135.355 5.000e+07 1
83 95.562462 58.359813 75.963742 27.361 6.386 19.602 5.000e+07 1
84 8.449659 -16.244989 32.639802 124.533 -25.382 122.362 5.000e+07 1
85 9.346492 -13.642831 32.517709 -121.419 30.844 35.175 5.000e+07 1
86 6.852636 -15.034376 32.597305 -11.474 -99.879 110.240 5.000e+07 1
87 8.723063 -16.924764 35.001799 22.015 -31.461 159.635 5.000e+07 1
88 9.301752 -9.346224 35.724514 65.573 110.500 22.827 5.000e+07 1
89 8.460812 -14.519357 34.065506 -9.129 124.811 -111.028 5.000e+07 1
90 11.263032 -30.646026 35.584477 20.248 -6.886 68.569 5.000e+07 1
91 -10.835916 -13.738703 28.834225 -35.494 -54.638 19.152 5.000e+07 1
92 9.869300 -14.113047 31.562701 210.373 232.273 -3.268 5.000e+07 1
93 7.186542 -12.714922 33.972295 -204.722 -35.995 -91.440 5.000e+07 1
94 4.842058 -14.339670 33.172445 -46.110 -22.998 -78.331 5.000e+07 1
95 9.327702 -13.787344 34.247483 59.807 164.248 64.420 5.000e+07 1
96 6.913151 -11.740899 35.550330 -153.528 -48.842 26.197 5.000e+07 1
97 7.560304 -16.698672 33.444469 20.820 54.621 58.134 5.000e+07 1
98 6.239070 -12.631123 28.506241 -28.302 -100.868 231.973 5.000e+07 1
99 7.140589 -14.034570 31.775635 -61.669 -82.120 -7.407 5.000e+07 1
100 6.944740 -17.600388 32.078924 191.060 95.760 96.381 5.000e+07 1
101 12.227081 -11.504701 32.647615 39.991 70.927 31.996 5.000e+07 1
102 7.402700 -12.581099 33.527450 -57.449 -107.883 80.548 5.000e+07 1
103 7.359951 -14.864964 34.396659 72.927 -85.808 233.645 5.000e+07 1
104 4.733261 -15.813092 28.495975 -81.730 -60.409 -54.364 5.000e+07 1
105 7.755543 -13.837888 33.524016 64.522 -228.524 -129.708 5.000e+07 1
106 14.259766 -20.762382 33.573657 57.154 96.152 -57.078 5.000e+07 1
107 8.510081 -15.609902 32.557635 38.501 -201.569 -39.574 5.000e+07 1
108 8.205182 -10.600919 33.913927 -145.133 -13.523 -131.769 5.000e+07 1
109 9.105475 -12.756687 33.013566 -1.145 70.131 237.816 5.000e+07 1
110 8.360798 -13.299352 31.964247 0.771 -45.412 8.050 5.000e+07 1
111 6.601271 -14.790565 36.897410 36.242 -161.215 -218.313 5.000e+07 1
112 10.480516 -19.289293 31.502522 73.098 111.753 -179.116 5.000e+07 1
113 10.094940 -14.108026 33.516112 -31.253 157.359 208.054 5.000e+07 1
114 4.891277 -10.805694 32.912574 -9.696 -307.765 153.896 5.000e+07 1
115 18.015403 -13.183424 30.703766 46.271 40.519 -23.624 5.000e+07 1
116 9.677255 -14.352289 33.926165 -46.312 189.581 112.329 5.000e+07 1
117 5.423501 -15.667579 32.411400 116.405 -31.054 76.474 5.000e+07 1
118 8.259491 -14.437019 32.002261 142.384 208.138 100.432 5.000e+07 1
119 11.054574 -11.338142 32.895380 -217.038 66.587 115.614 5.000e+07 1
120 6.159574 -12.218900 32.676795 113.472 -25.131 47.786 5.000e+07 1
121 9.430601 -15.076509 32.092412 62.362 197.501 -132.173 5.000e+07 1
122 1.973652 -16.706086 35.135002 -106.339 -56.895 -83.956 5.000e+07 1
123 23.689790 -26.540971 36.589503 47.613 -49.524 21.529 5.000e+07 1
124 7.197332 -14.571550 32.509064 -181.831 195.016 -224.288 5.000e+07 1
125 7.087943 -15.150027 37.388384 -15.125 46.852 159.989 5.000e+07 1
126 8.389792 -11.958838 33.426645 -138.310 -51.297 188.749 5.000e+07 1
127 7.511853 -13.739121 33.370263 -307.025 -92.525 249.619 5.000e+07 1
128 -0.976878 -3.463265 32.589927 -52.635 -9.307 8.937 5.000e+07 1
129 7.029326 -16.512483 34.814777 155.044 -168.167 -99.918 5.000e+07 1
130 5.322289 -13.458532 32.067857 201.811 -59.140 -31.336 5.000e+07 1
131 7.860542 -14.796330 32.838165 149.221 -221.763 -65.599 5.000e+07 1
132 11.638715 -13.889004 34.104775 160.301 75.513 -104.299 5.000e+07 1
133 6.408126 -15.520443 33.044142 130.367 -89.455 4.961 5.000e+07 1
134 7.881472 -17.848524 32.143935 157.650 128.975 82.264 5.000e+07 1
135 7.127519 -14.914834 32.840129 -229.469 -70.176 -43.432 5.000e+07 1
136 22.053392 -12.156699 37.085140 -39.239 67.708 12.430 5.000e+07 1
137 5.995768 9.658567 32.377258 5.365 37.550 20.081 5.000e+07 1
138 16.784620 -16.776490 24.858626 -60.128 7.812 100.671 5.000e+07 1
139 5.223307 -16.577826 35.050651 145.727 205.173 -184.795 5.000e+07 1
140 7.238472 -14.178492 34.440663 90.686 -249.364 9.975 5.000e+07 1
141 0.179438 -22.708128 31.620906 12.449 -131.016 -19.745 5.000e+07 1
142 8.096016 -11.430798 32.946151 -156.093 -231.100 155.294 5.000e+07 1
143 8.783899 -17.783750 32.319118 264.393 120.269 10.663 5.000e+07 1
144 7.884059 -14.700561 31.789248 137.784 44.409 -317.246 5.000e+07 1
145 6.093531 -15.774109 32.422626 25.314 -164.946 -11.115 5.000e+07 1
146 -0.983716 -13.319236 32.194483 55.031 -132.579 54.103 5.000e+07 1
147 6.417810 -10.778011 33.659123 -253.893 -24.651 127.951 5.000e+07 1
148 8.659779 -14.677062 32.443008 -124.801 -93.229 101.934 5.000e+07 1
149 7.376476 -14.073797 31.868663 -136.539 -56.326 -68.429 5.000e+07 1
150 8.879922 -15.929634 31.900565 -45.486 -1.258 27.926 5.000e+07 1
151 8.462113 -15.661440 30.155384 -35.898 -58.357 -13.834 5.000e+07 1
152 259.042468 40.639656 -29.167636 -143.901 -27.839 40.270 5.000e+07 1
153 8.347633 -14.541558 34.124634 -73.779 -48.996 -23.565 5.000e+07 1
154 6.219110 -18.075502 31.105668 3.383 -282.714 -8.788 5.000e+07 1
155 -1.661007 -14.586030 30.706824 6.615 -103.086 46.087 5.000e+07 1
156 10.413761 -16.363204 31.615436 188.581 -96.989 202.492 5.000e+07 1
157 -0.670748 -7.781427 32.154928 49.582 -135.602 13.458 5.000e+07 1
158 8.015906 -15.946969 33.297563 28.543 153.741 291.464 5.000e+07 1
159 8.839171 -12.515952 30.908443 -189.707 -68.373 12.650 5.000e+07 1
160 11.194166 -13.505521 33.322515 -144.049 100.644 132.558 5.000e+07 1
161 8.528148 -15.841420 32.625972 57.783 47.405 90.690 5.000e+07 1
162 3.260328 -16.696780 30.717429 82.538 -79.159 21.792 5.000e+07 1
163 11.410350 -12.847074 32.066615 -161.483 55.558 -51.346 5.000e+07 1
164 5.086209 -16.186192 27.976238 18.161 -13.908 -137.434 5.000e+07 1
165 9.013071 -13.720023 33.949430 -121.959 -123.706 225.133 5.000e+07 1
166 8.994121 -14.585228 32.707093 -227.345 43.338 -73.360 5.000e+07 1
167 10.786284 -13.338377 34.980389 -0.013 143.246 1.704 5.000e+07 1
168 7.324378 -14.691194 32.702091 -72.251 -119.922 131.429 5.000e+07 1
169 6.792734 -13.557471 32.263435 88.114 -9.064 64.222 5.000e+07 1
170 10.173929 -19.261626 32.329125 51.045 100.101 -29.429 5.000e+07 1
171 19.526729 -13.639480 29.149352 -9.751 -17.955 -46.718 5.000e+07 1
172 6.355460 -15.390952 32.532821 -213.777 -97.980 179.940 5.000e+07 1
173 3.480945 -16.462076 31.869331 129.980 -108.214 -225.629 5.000e+07 1
174 2.621565 5.169177 28.519136 -18.232 26.397 46.767 5.000e+07 1
175 7.731165 -13.407478 33.078164 -126.314 -59.971 10.467 5.000e+07 1
176 7.812745 -10.959259 32.252154 -98.990 -60.809 -31.266 5.000e+07 1
177 7.819628 -13.827857 32.271825 -122.407 88.650 -28.482 5.000e+07 1
178 7.232729 -10.055413 33.813281 -138.861 -19.865 65.976 5.000e+07 1
179 13.564594 -12.488609 33.748262 -69.990 41.530 23.256 5.000e+07 1
180 10.165305 -16.053716 33.917048 287.961 -27.838 162.385 5.000e+07 1
181 12.745965 -8.926206 31.877403 -161.383 170.082 83.998 5.000e+07 1
182 8.092002 -12.338203 33.769128 84.853 177.483 -187.877 5.000e+07 1
183 6.910700 1.078822 29.097546 -5.637 -67.318 118.890 5.000e+07 1
184 8.016461 -14.031621 32.609118 21.919 9.125 277.548 5.000e+07 1
185 8.947854 -15.784204 31.917093 121.993 -10.177 20.648 5.000e+07 1
186 8.485198 -13.803678 33.493712 -195.311 296.736 39.756 5.000e+07 1
187 9.223743 -13.208441 32.627617 -182.912 90.936 176.561 5.000e+07 1
188 6.730104 -13.827318 33.758501 157.938 87.306 119.810 5.000e+07 1
189 5.342980 -12.880376 30.565521 118.359 -237.234 23.046 5.000e+07 1
190 6.434499 -7.949684 31.853037 -118.263 4.619 -17.729 5.000e+07 1
191 15.082445 -15.079446 30.620703 30.457 162.384 -39.598 5.000e+07 1
192 8.702660 -12.964774 33.955211 -102.110 -322.782 173.970 5.000e+07 1
193 7.767457 -18.728461 37.186049 96.300 -80.068 62.441 5.000e+07 1
194 8.243528 -14.543929 33.160787 -319.751 38.456 50.283 5.000e+07 1
195 9.811684 -12.362311 32.810568 59.271 182.583 123.608 5.000e+07 1
196 7.018632 -13.683061 32.931375 198.030 -26.220 -82.063 5.000e+07 1
197 8.955863 -15.290246 32.397809 89.849 160.607 172.444 5.000e+07 1
198 7.278565 -13.741053 32.375642 -125.433 -15.151 32.548 5.000e+07 1
199 7.563915 -18.653121 29.824849 154.463 12.402 13.411 5.000e+07 1
200 6.946832 -16.015273 32.777524 213.727 -144.709 -5.900 6.250e+07 2
201 9.601564 -10.197763 28.880897 -39.217 3.861 67.085 6.250e+07 2
202 8.904982 -16.204449 33.321246 151.580 0.856 95.812 6.250e+07 2
203 6.225450 -7.973631 31.459789 -102.496 -44.564 93.824 6.250e+07 2
204 -3.659235 -2.501835 32.774392 -63.862 -91.162 52.912 6.250e+07 2
205 7.030791 -22.041239 32.185596 201.607 -80.559 -33.268 6.250e+07 2
206 9.609720 -8.999476 33.884057 -137.563 120.776 83.668 6.250e+07 2
207 8.594140 -11.231550 33.290216 -173.649 51.964 -122.863 6.250e+07 2
208 -1.360184 -20.275762 34.354497 140.870 -101.088 -14.606 6.250e+07 2
209 8.555703 -16.362558 32.256555 135.135 112.750 112.211 6.250e+07 2
210 9.150893 -15.645474 33.622007 187.157 161.225 50.983 6.250e+07 2
211 8.567464 -14.588728 32.294156 -25.385 226.286 276.499 6.250e+07 2
212 10.647485 -20.697782 32.289889 70.971 31.282 113.589 6.250e+07 2
213 7.850742 -14.689498 32.619350 -32.046 -157.011 78.485 6.250e+07 2
214 7.033415 -14.030641 32.757414 -108.549 -48.227 -205.021 6.250e+07 2
215 10.724439 -10.584315 35.593470 -73.592 31.707 55.661 6.250e+07 2
216 8.522969 -13.011036 32.275916 -168.269 226.810 -176.052 6.250e+07 2
217 8.097012 -14.980813 33.358416 287.873 114.436 14.158 6.250e+07 2
218 9.407401 -14.069865 32.523480 -21.203 153.015 -90.964 6.250e+07 2
219 6.245777 -14.743300 31.851121 49.038 -267.174 127.821 6.250e+07 2
220 9.230777 -12.511209 32.743845 -4.712 -122.012 62.432 6.250e+07 2
221 9.430015 -12.917563 32.445633 -10.133 228.264 -102.266 6.250e+07 2
222 9.519180 -16.829417 32.110408 151.567 63.349 41.010 6.250e+07 2
223 8.840726 -14.007247 33.467701 -49.627 186.973 21.914 6.250e+07 2
224 3.166981 -11.655600 33.233028 -67.898 -107.823 61.447 6.250e+07 2
225 3.221962 -3.810727 30.793650 -78.170 -149.881 15.929 6.250e+07 2
226 8.622412 -10.031350 33.593057 -198.263 -36.536 -55.548 6.250e+07 2
227 0.515954 -14.833366 34.520531 -118.629 -144.551 41.437 6.250e+07 2
228 9.262801 -4.636066 31.560451 -146.492 72.897 -9.355 6.250e+07 2
229 3.117618 -12.180728 32.515497 -183.761 -127.860 -31.340 6.250e+07 2
230 7.230549 -14.818202 32.045437 -109.359 -105.236 -50.431 6.250e+07 2
231 15.954977 -14.509889 31.060289 210.286 68.526 61.077 6.250e+07 2
232 6.936043 -13.254368 32.501204 9.163 -154.414 67.021 6.250e+07 2
233 7.916207 -15.470839 31.571504 -3.642 -1.031 140.867 6.250e+07 2
234 9.405607 -14.721285 31.350157 214.495 -48.671 39.610 6.250e+07 2
235 -1478.589611 1055.214669 114.023770 -880.676 628.465 68.353 6.250e+07 2
236 7.346048 -14.160179 32.677686 -26.233 -0.175 -50.726 6.250e+07 2
237 10.746672 -18.863038 32.084486 107.470 -63.827 10.463 6.250e+07 2
238 10.018410 -16.269352 31.909905 172.449 137.277 -21.684 6.250e+07 2
239 14.377469 -8.469104 30.678451 -127.016 -52.834 -34.799 6.250e+07 2
240 9.787364 -7.679532 32.585362 -161.964 -37.485 12.890 6.250e+07 2
241 6.117953 -12.538310 30.515056 72.533 -23.857 33.545 6.250e+07 2
242 6.620248 -16.202607 33.064990 -64.303 -257.041 133.415 6.250e+07 2
243 7.995507 -13.394467 32.440443 65.981 -110.400 -24.425 6.250e+07 2
244 8.376432 -15.111164 32.150856 79.113 -3.421 73.982 6.250e+07 2
245 8.044897 -18.444010 34.201526 86.965 -167.251 13.805 6.250e+07 2
246 -1887.848182 -1285.885513 -54.433488 -1134.684 -773.042 -32.468 6.250e+07 2
247 -1036.235216 921.419788 -87.458588 -606.960 539.351 -50.386 6.250e+07 2
248 9.056941 -14.268785 32.385792 -32.203 142.696 94.531 6.250e+07 2
249 7.915700 -14.434915 32.767841 72.796 236.199 50.767 6.250e+07 2
250 6.777370 -13.949350 33.375223 229.690 -16.951 -38.109 6.250e+07 2
251 9.506315 -12.040784 33.149923 -86.888 -52.782 -37.248 6.250e+07 2
252 8.127080 -14.807739 33.143159 1.378 82.835 -55.362 6.250e+07 2
253 3.179682 -11.493264 30.930607 48.205 -62.511 36.200 6.250e+07 2
254 9.011246 -12.550787 31.160701 -50.891 52.180 -25.063 6.250e+07 2
255 12.933395 -15.350471 33.839376 20.571 65.590 63.475 6.250e+07 2
256 6.765541 -15.017127 34.617268 58.445 -134.111 -16.926 6.250e+07 2
257 5.384208 -15.700929 30.488162 178.389 -132.570 -18.913 6.250e+07 2
258 9.011458 -14.201968 32.611661 -149.530 158.999 -57.804 6.250e+07 2
259 0.682254 -18.282513 33.433737 44.368 -77.730 -47.311 6.250e+07 2
260 8.932626 -14.050529 32.869394 201.183 -31.557 174.939 6.250e+07 2
261 7.412390 -13.305251 32.480697 -24.036 14.311 -1.832 6.250e+07 2
262 9.166607 -13.927422 32.356625 -112.210 140.945 -23.463 6.250e+07 2
263 4.035798 -13.920662 34.004691 194.702 -150.010 6.221 6.250e+07 2
264 8.833114 -13.178211 33.800581 -68.234 40.077 17.071 6.250e+07 2
265 10.427124 -16.398861 32.137313 127.979 130.693 -54.088 6.250e+07 2
266 7.754116 -13.754287 33.360982 -121.515 -23.424 -49.434 6.250e+07 2
267 10.020430 -13.046611 32.926583 -125.056 -76.725 9.862 6.250e+07 2
268 4.879482 -13.715363 32.789548 -94.590 -91.366 57.525 6.250e+07 2
269 8.604161 -14.503134 32.738744 -32.250 258.127 -3.155 6.250e+07 2
270 6.763945 -2.017358 30.463378 -8.666 -50.663 -9.458 6.250e+07 2
271 6.923786 -15.234218 33.077270 135.536 -98.778 155.400 6.250e+07 2
272 7.704585 -14.788668 32.433896 332.883 -191.902 -18.057 6.250e+07 2
273 11.827941 -4.074195 31.132207 -70.236 182.932 13.919 6.250e+07 2
274 4.395129 -12.839861 31.853859 -119.458 -282.910 -40.605 6.250e+07 2
275 7.257427 -16.504738 34.952313 -6.473 71.207 -165.520 6.250e+07 2
276 11.330473 -19.732410 31.003030 206.405 -3.225 10.817 6.250e+07 2
277 11.114960 -19.425945 39.860248 39.471 -74.808 40.422 6.250e+07 2
278 7.514786 -14.051137 33.060712 -102.237 81.294 249.243 6.250e+07 2
279 7.593474 -14.618890 33.122877 -78.463 -27.357 19.977 6.250e+07 2
280 9.049409 -14.913074 32.843332 121.802 105.542 -70.569 6.250e+07 2
281 10.324102 -15.052176 34.245305 -118.905 -21.528 -114.589 6.250e+07 2
282 6.461936 -14.352451 33.077367 59.046 42.109 183.532 6.250e+07 2
283 9.088418 -13.230747 34.379810 -37.013 170.900 202.851 6.250e+07 2
284 9.415900 -15.089683 32.786844 86.255 -68.944 47.821 6.250e+07 2
285 7.591240 -14.710292 33.413137 -54.943 -313.975 53.813 6.250e+07 2
286 9.607918 -14.915736 32.655475 80.416 17.197 127.526 6.250e+07 2
287 8.655505 -14.329163 31.069410 204.334 -2.808 158.051 6.250e+07 2
288 12.930515 -15.415747 32.308181 26.252 9.163 -108.066 6.250e+07 2
289 6.663489 -12.903451 32.812974 -73.167 -71.425 -18.328 6.250e+07 2
290 8.225432 -15.580623 32.944675 180.188 -8.444 -17.798 6.250e+07 2
291 8.569004 -14.493587 32.682428 28.871 -4.872 -175.218 6.250e+07 2
292 13.759818 998.444446 -70.674774 7.795 563.176 -38.543 6.250e+07 2
293 10.276968 -15.988768 32.268962 -1.160 153.556 110.613 6.250e+07 2
294 19.169661 1720.700146 -58.558466 11.835 1021.589 -34.864 6.250e+07 2
295 6.902205 -15.864038 31.825069 -2.844 -143.571 58.115 6.250e+07 2
296 8.410868 -10.263342 33.700353 -245.923 -4.285 27.192 6.250e+07 2
297 -54.015743 -906.805825 -108.515730 -29.171 -502.280 -58.189 6.250e+07 2
298 7.160491 -13.999816 33.816489 -170.745 -200.511 59.789 6.250e+07 2
299 4.348796 -7.315718 29.869709 -176.103 53.768 -7.021 6.250e+07 2
300 7.889395 -14.805696 32.782578 165.055 9.246 -103.500 6.250e+07 2
301 4.412750 -14.766956 33.990159 -52.113 -203.132 3.993 6.250e+07 2
302 9.934346 -15.603585 31.756343 4.387 231.417 115.445 6.250e+07 2
303 2.740999 -20.162908 32.687140 17.081 -239.972 10.924 6.250e+07 2
304 7.920735 -14.969509 33.272582 144.127 -27.435 -16.699 6.250e+07 2
305 8.533774 -12.839854 33.460790 -104.775 -104.296 -94.171 6.250e+07 2
306 7.817466 -13.133421 33.139201 82.644 63.549 119.417 6.250e+07 2
307 3.260776 -11.370891 32.455355 -20.760 -162.886 58.838 6.250e+07 2
308 7.285854 -14.738609 33.961560 68.474 -89.958 242.253 6.250e+07 2
309 3.232156 -32.712684 33.364180 101.159 103.851 56.894 6.250e+07 2
310 12.835415 -9.845332 30.747220 -69.877 64.525 24.240 6.250e+07 2
311 10.462351 -17.910160 30.524959 -11.525 26.378 -46.378 6.250e+07 2
312 5.962655 -15.573305 34.217145 103.650 -169.659 -36.360 6.250e+07 2
313 7.900357 -14.408961 35.018917 135.439 6.376 66.606 6.250e+07 2
314 7.116875 -13.830313 33.019898 -31.198 -0.288 -62.632 6.250e+07 2
315 9.783637 -15.326758 31.781298 170.795 310.425 -27.956 6.250e+07 2
316 7.319879 -15.577936 32.775080 -47.555 -25.386 -33.571 6.250e+07 2
317 16.819742 -26.663562 32.577629 168.052 -90.670 17.083 6.250e+07 2
318 7.227530 -13.554661 31.382805 53.011 -139.275 -68.835 6.250e+07 2
319 23.292770 -7.856326 30.618382 -108.779 34.771 19.474 6.250e+07 2
320 8.317036 -13.232142 31.422691 -50.796 -6.988 -5.717 6.250e+07 2
321 4.108995 -16.775893 29.719582 51.326 -107.452 123.902 6.250e+07 2
322 4.771084 -8.903162 32.698543 -142.563 -59.930 101.217 6.250e+07 2
323 7.575679 -14.974482 32.827116 85.218 -55.217 54.538 6.250e+07 2
324 11.198008 -14.178806 33.037947 -78.109 138.467 62.147 6.250e+07 2
325 6.336414 -9.993993 31.320885 11.276 -117.795 53.254 6.250e+07 2
326 4.334490 -16.139834 32.432021 110.644 -192.671 225.959 6.250e+07 2
327 16.644741 -15.452531 34.778263 -33.230 74.232 1.636 6.250e+07 2
328 8.876175 -12.744005 33.826357 139.070 295.072 113.049 6.250e+07 2
329 6.408414 -14.652868 32.257672 -26.460 -32.367 0.708 6.250e+07 2
330 5.620531 -10.227672 35.898652 46.595 -26.362 -5.132 6.250e+07 2
331 7.946649 -13.754303 33.639975 109.668 -79.226 -146.999 6.250e+07 2
332 7.930515 -14.295292 32.206723 -142.068 -84.772 21.636 6.250e+07 2
333 11.804358 -9.375816 32.899698 -63.406 172.354 136.823 6.250e+07 2
334 4.028186 -13.917461 32.539206 -90.547 -25.501 -153.999 6.250e+07 2
335 5.489066 -16.767951 34.982303 11.625 75.341 -77.606 6.250e+07 2
336 9.409172 -13.612563 32.778857 332.655 7.855 -13.076 6.250e+07 2
337 7.721153 -10.191841 34.210547 -181.314 87.793 149.859 6.250e+07 2
338 10.353604 -15.010229 33.961618 199.027 147.971 -4.725 6.250e+07 2
339 3.105687 -15.840923 32.547057 -16.036 -235.901 17.119 6.250e+07 2
340 3.277195 -23.153800 31.692177 73.210 -119.477 11.922 6.250e+07 2
341 11.885484 -17.469458 32.324106 -139.371 165.780 98.981 6.250e+07 2
342 10.959794 -16.291521 33.433522 265.343 41.456 6.175 6.250e+07 2
343 7.968226 -13.847640 33.101555 -57.160 25.885 13.741 6.250e+07 2
344 9.604501 -13.565102 33.742035 -71.058 75.478 281.279 6.250e+07 2
345 7.320661 -13.528053 33.178125 -7.318 -79.340 -62.361 6.250e+07 2
346 9.230829 -13.982939 33.440131 -1.024 185.096 -243.011 6.250e+07 2
347 11.048102 -11.825977 32.124780 3.549 204.060 94.355 6.250e+07 2
348 9.204616 -14.098226 31.883479 -47.214 94.314 -32.296 6.250e+07 2
349 7.446131 -14.597750 32.436147 177.224 66.031 63.064 6.250e+07 2
350 7.984057 -19.822348 32.863783 230.019 -15.634 -21.724 6.250e+07 2
351 -131.267265 83.778266 -8.631963 48.557 -42.734 32.824 6.250e+07 2
352 7.580454 -17.149425 32.079964 194.816 3.211 6.505 6.250e+07 2
353 6.698500 -16.496339 32.208877 -60.399 -235.483 33.317 6.250e+07 2
354 9.273379 -13.736575 33.256726 -116.160 128.905 -49.140 6.250e+07 2
355 3.041086 -15.235208 34.284149 -52.730 -173.845 -6.821 6.250e+07 2
356 11.084771 -14.270207 30.792287 153.816 185.775 -19.199 6.250e+07 2
357 5.958194 -15.721150 33.424525 -12.738 -71.634 -106.561 6.250e+07 2
358 5.875728 -11.605519 33.458247 80.474 -216.155 -48.179 6.250e+07 2
359 7.815404 -12.915765 32.160881 -75.518 -18.694 28.834 6.250e+07 2
360 8.795510 -14.418037 32.693952 -322.673 300.486 -105.402 6.250e+07 2
361 9.013053 -13.681835 32.472327 24.690 -246.628 45.494 6.250e+07 2
362 22.542574 1.376205 31.710349 -70.014 47.620 29.994 6.250e+07 2
363 6.527608 -14.242758 33.331891 78.017 -430.140 35.692 6.250e+07 2
364 1.334335 -18.653009 31.671698 2.503 -180.308 14.224 6.250e+07 2
365 2.102525 -16.816354 31.794260 106.099 -197.494 88.542 6.250e+07 2
366 7.910679 -13.707621 32.593921 -100.931 -2.767 136.461 6.250e+07 2
367 8.918104 -14.324080 31.975366 263.898 -118.908 -52.909 6.250e+07 2
368 7.951917 -14.807584 35.254742 195.684 -118.786 -36.964 6.250e+07 2
369 9.652322 -17.526290 32.140933 238.579 -104.918 -25.738 6.250e+07 2
370 6.315410 -14.391330 33.535629 -4.595 -10.119 -9.230 6.250e+07 2
371 12.506691 -12.242645 32.354966 -159.259 168.524 69.766 6.250e+07 2
372 -0.201267 -15.335397 32.642905 -1.582 -149.632 -47.404 6.250e+07 2
373 12.741431 -16.130921 33.308591 165.890 111.720 8.285 6.250e+07 2
374 3.753922 -13.812793 33.479410 288.011 -136.812 68.818 6.250e+07 2
375 6.150830 -10.995522 34.825300 110.949 -132.034 -160.221 6.250e+07 2
376 3.026674 -6.514365 33.900415 -84.571 -178.443 3.431 6.250e+07 2
377 6.336659 -13.917160 31.574521 -151.434 -66.173 -62.761 6.250e+07 2
378 -1.341170 -26.490728 34.041903 121.929 -45.457 -20.945 6.250e+07 2
379 9.379516 -16.993973 32.487429 197.510 80.358 13.334 6.250e+07 2
380 8.722431 -13.891816 33.388252 -10.278 41.159 65.182 6.250e+07 2
381 9.790289 -12.896183 32.567203 -304.936 129.315 -25.783 6.250e+07 2
382 8.906729 -13.649165 33.599623 67.298 -58.403 103.798 6.250e+07 2
383 10.199737 -13.921851 34.142294 -98.572 59.477 -2.708 6.250e+07 2
384 8.409401 -15.384987 32.928386 281.678 134.857 -69.089 6.250e+07 2
385 3.600722 -7.407044 36.706016 -161.588 27.540 68.429 6.250e+07 2
386 6.264653 -9.704215 31.727795 -264.891 -67.622 -9.370 6.250e+07 2
387 8.565532 -13.279611 32.538132 42.182 40.443 -118.220 6.250e+07 2
388 8.888391 -14.210539 33.319390 -250.656 -160.320 -75.046 6.250e+07 2
389 9.292970 -14.542736 32.802688 -102.061 -119.905 -168.881 6.250e+07 2
390 7.858941 -14.758450 33.054989 -73.671 185.215 269.300 6.250e+07 2
391 9.059909 -13.259947 33.269113 -294.978 -136.586 -57.572 6.250e+07 2
392 14.599206 -18.816818 31.129986 113.433 88.721 -63.263 6.250e+07 2
393 11.908479 -14.550941 31.657936 -176.245 124.187 31.400 6.250e+07 2
394 12.155000 -10.798058 33.905358 -86.107 121.970 68.439 6.250e+07 2
395 5.347013 -11.557187 32.490175 0.988 -131.352 112.017 6.250e+07 2
396 6.821869 -14.449198 33.222356 -1.101 -8.156 -62.454 6.250e+07 2
397 11.541456 -15.800826 33.413553 -82.145 118.149 -9.091 6.250e+07 2
398 8.201940 -15.846472 32.993992 117.177 -162.473 43.271 6.250e+07 2
399 11.146298 -13.166749 33.185130 -104.215 349.141 38.837 6.250e+07 2
400 12.783114 -15.981054 33.003522 80.511 258.263 112.845 6.250e+07 2
401 17.685026 -17.813791 30.718248 153.001 94.614 11.665 6.250e+07 2
402 8.292814 -13.407688 33.623661 -298.138 -54.882 -55.831 6.250e+07 2
403 12.268147 -15.891694 33.879698 86.487 248.105 -11.269 6.250e+07 2
404 8.861045 -14.179534 32.938752 432.008 -194.028 160.732 6.250e+07 2
405 17.732743 -26.695762 33.926477 180.846 21.385 72.885 6.250e+07 2
406 12.101593 -2.575417 31.662288 -121.009 53.699 -8.713 6.250e+07 2
407 9.839150 -18.643482 32.236873 131.541 127.137 116.422 6.250e+07 2
408 6.436472 -11.576249 32.664483 -114.341 -178.721 4.465 6.250e+07 2
409 7.674830 -15.277068 32.716658 16.942 -92.840 7.502 6.250e+07 2
410 7.078397 -12.276024 30.801320 -67.702 -133.241 -31.346 6.250e+07 2
411 8.859375 -17.176910 28.437760 44.445 -52.445 39.194 6.250e+07 2
412 9.301112 -11.739793 32.225763 -165.102 110.394 -30.200 6.250e+07 2
413 11.960462 -16.072669 31.710956 -49.912 280.941 -30.125 6.250e+07 2
414 9.072391 -15.118431 33.012349 15.537 11.088 -124.481 6.250e+07 2
415 12.024856 -19.233294 34.570450 109.255 -13.297 82.306 6.250e+07 2
416 -10.691494 -11.231655 32.395851 -40.806 -119.520 22.423 6.250e+07 2
417 85.313257 -1579.659501 138.167307 50.634 -933.236 82.298 6.250e+07 2
418 7.606313 -14.581882 32.844819 -37.828 -148.176 -118.208 6.250e+07 2
419 8.180834 -18.202751 30.268876 30.266 -86.043 -40.429 6.250e+07 2
420 8.908236 -13.556622 32.733075 205.666 164.063 -65.389 6.250e+07 2
421 7.788014 -14.556426 31.355473 -11.150 115.070 263.099 6.250e+07 2
422 4.071844 -16.402340 32.126634 -78.088 -290.922 96.242 6.250e+07 2
423 1.877471 -19.058569 32.809582 311.361 -113.929 55.614 6.250e+07 2
424 10.021944 -16.038255 36.101013 -22.786 97.697 -7.448 6.250e+07 2
425 10.818797 -17.264785 33.929526 139.366 129.057 21.735 6.250e+07 2
426 7.002990 -14.764754 32.858924 -124.440 66.618 18.484 6.250e+07 2
427 7.348119 -16.003099 33.469707 67.084 -219.413 -37.480 6.250e+07 2
428 11.832806 -13.022402 30.418309 -164.945 34.522 128.244 6.250e+07 2
429 7.678138 -5.642035 33.925502 -180.069 -54.471 94.281 6.250e+07 2
430 8.405513 -14.997635 33.620405 -6.154 -12.401 90.517 6.250e+07 2
431 8.100092 -13.298255 31.743350 -67.300 72.440 -48.956 6.250e+07 2
432 8.976984 -14.232342 32.717139 153.168 6.268 -31.372 6.250e+07 2
433 8.354112 -13.063391 32.041812 -11.868 196.861 22.573 6.250e+07 2
434 22.049017 -31.901876 33.434582 73.978 -17.832 3.421 6.250e+07 2
435 8.968829 -14.262719 32.719116 70.279 203.534 -12.768 6.250e+07 2
436 4.813846 -11.913554 33.032713 -86.560 -198.196 -1.196 6.250e+07 2
437 6.620272 -13.966832 32.306866 -52.417 -93.889 19.516 6.250e+07 2
438 16.231448 -24.706430 33.622299 152.609 82.032 32.076 6.250e+07 2
439 7.052989 -12.676850 32.616515 -179.877 -165.779 -157.503 6.250e+07 2
440 7.663477 -37.841031 33.304438 119.062 -104.172 38.181 6.250e+07 2
441 8.169264 -8.279949 33.675442 -21.794 -130.765 24.802 6.250e+07 2
442 7.652741 -13.170734 32.739660 -43.085 -140.857 -89.863 6.250e+07 2
443 5.735180 -11.571468 33.149139 -231.323 -94.060 -11.222 6.250e+07 2
444 9.246585 -15.711818 30.613320 124.447 113.876 196.548 6.250e+07 2
445 4.213637 -11.365678 30.595980 -7.787 -66.473 55.862 6.250e+07 2
446 8.629439 -17.696383 32.646058 292.527 153.653 93.374 6.250e+07 2
447 6.380525 -7.911913 35.399782 -51.268 -111.458 -4.936 6.250e+07 2
448 8.014613 -5.348048 34.113646 -128.657 -74.527 30.740 6.250e+07 2
449 6.368661 -15.558796 33.383682 4.469 -44.839 51.632 6.250e+07 2
450 7.686713 -14.081193 32.572480 -58.303 12.771 59.350 6.250e+07 2
451 8.013038 -15.063515 32.209072 91.136 -193.290 18.105 6.250e+07 2
452 8.302010 -9.630793 32.556974 -256.740 -76.400 -6.410 6.250e+07 2
453 2.312453 -19.444427 31.017827 77.723 -236.368 -70.999 6.250e+07 2
454 8.196671 -12.042475 34.907596 111.236 58.393 -16.270 6.250e+07 2
455 8.103190 -13.391792 32.153709 18.061 61.402 106.274 6.250e+07 2
456 2.941790 -19.397198 34.920329 100.816 29.873 -58.025 6.250e+07 2
457 7.303670 -14.810851 34.192223 5.537 -121.761 22.157 6.250e+07 2
458 11.556124 -15.155130 30.517401 -117.119 66.178 118.658 6.250e+07 2
459 2.413955 -10.340060 33.784476 -132.174 -44.677 64.541 6.250e+07 2
460 8.025634 -13.387060 32.771913 5.655 38.126 195.645 6.250e+07 2
461 8.518873 -14.908528 33.236399 225.067 -188.559 170.285 6.250e+07 2
462 9.471735 -13.062591 32.497458 82.671 -42.084 -27.734 6.250e+07 2
463 6.947372 -15.252185 33.165270 87.064 31.758 -1.810 6.250e+07 2
464 -0.154565 -16.559003 31.923200 16.068 -211.793 12.027 6.250e+07 2
465 9.040382 -13.018657 33.221766 41.194 107.620 70.055 6.250e+07 2
466 9.398405 -15.160702 33.535085 -88.191 152.219 -6.269 6.250e+07 2
467 13.528953 -22.746667 30.504631 249.499 -72.440 -35.863 6.250e+07 2
468 9.216633 -13.975892 32.639883 -40.394 -3.242 -134.125 6.250e+07 2
469 7.665591 -14.470403 33.039827 -75.607 -19.705 184.783 6.250e+07 2
470 26.954057 2.946744 31.113049 25.274 87.173 37.410 6.250e+07 2
471 7.767478 -11.221739 32.551498 -163.743 66.060 -41.402 6.250e+07 2
472 18.960959 -12.595942 28.080151 -185.152 -18.430 146.507 6.250e+07 2
473 8.075774 -15.084572 33.080205 -5.993 272.073 80.720 6.250e+07 2
474 1.576883 -12.365346 31.871080 -87.399 -132.670 60.875 6.250e+07 2
475 9.390218 -25.417292 35.148671 164.423 -141.370 56.028 6.250e+07 2
476 -722.182715 -72.687908 150.247282 -379.924 -39.752 81.994 6.250e+07 2
477 7.382940 -17.529796 31.219671 48.958 52.930 103.430 6.250e+07 2
478 8.769796 -15.019096 33.441564 75.165 196.104 122.555 6.250e+07 2
479 12.832213 -6.833212 33.622424 -208.259 3.137 -8.335 6.250e+07 2
480 5.670976 -15.461777 33.280777 336.042 -136.606 -102.607 6.250e+07 2
481 6.321146 -15.428556 33.634356 103.523 -188.351 -110.710 6.250e+07 2
482 8.670436 -16.032739 33.236873 109.788 -94.079 45.992 6.250e+07 2
483 19.212655 -18.234592 37.458924 119.214 48.256 23.884 6.250e+07 2
484 15.929469 -3.456725 32.926389 -52.725 17.634 41.166 6.250e+07 2
485 8.632110 -11.573922 33.285907 -61.231 -129.036 65.721 6.250e+07 2
486 10.008898 -13.476016 31.942494 -10.147 247.211 17.710 6.250e+07 2
487 11.039096 -17.971488 31.230267 200.757 -10.625 13.425 6.250e+07 2
488 8.279713 -13.941913 33.341295 108.579 -0.607 171.776 6.250e+07 2
489 -3.288280 -19.048792 33.183901 71.872 -79.067 51.908 6.250e+07 2
490 11.291708 -15.305811 33.603315 23.699 210.241 -1.369 6.250e+07 2
491 4.730184 -15.725487 32.455262 110.419 105.383 20.267 6.250e+07 2
492 6.281332 -15.949844 30.704032 34.537 10.215 -1.137 6.250e+07 2
493 2.033514 -11.863411 34.830020 154.929 -197.359 -85.533 6.250e+07 2
494 11.798642 -14.153209 34.486895 -130.364 225.380 -11.782 6.250e+07 2
495 9.309486 -13.730243 32.499608 150.904 85.090 -20.243 6.250e+07 2
496 8.574058 -13.267874 33.108093 13.595 93.202 -0.710 6.250e+07 2
497 4.480282 -17.344607 31.301874 128.603 -56.236 35.679 6.250e+07 2
498 6.651749 -18.201360 33.531769 206.906 -68.984 -10.791 6.250e+07 2
499 -1.054098 -13.342828 30.059608 -202.750 -102.552 -50.993 6.250e+07 2
500 9.233793 -13.085367 32.772106 -22.416 23.080 49.029 6.250e+07 2
501 8.261648 -14.530491 32.812811 23.004 -29.921 111.602 6.250e+07 2
502 9.268493 -14.938711 32.812569 107.913 265.940 -33.570 6.250e+07 2
503 7.838997 -13.416279 35.251901 -94.448 -178.771 -69.822 6.250e+07 2
504 8.817064 -13.902799 32.384805 -73.899 86.437 -48.464 6.250e+07 2
505 7.913490 -12.155295 31.010979 -134.499 -101.994 136.852 6.250e+07 2
506 11.596831 -27.562467 35.100529 57.223 77.603 6.364 6.250e+07 2
507 8.049596 -15.986818 32.509127 30.625 -124.186 -8.906 6.250e+07 2
508 16.076677 -6.519132 29.572117 -72.382 29.483 52.149 6.250e+07 2
509 3.832587 -3.335480 34.974770 -96.145 -104.752 27.370 6.250e+07 2
510 11.927821 -5.448848 34.129084 -139.582 116.398 -7.750 6.250e+07 2
511 6.108433 -21.975484 35.044450 171.499 40.484 1.597 6.250e+07 2
512 8.747129 -0.044338 29.880733 -155.802 -74.713 41.622 6.250e+07 2
513 9.947428 -16.468300 33.888697 189.586 -185.273 13.959 6.250e+07 2
514 25.813959 -11.083046 23.703002 89.836 126.011 -31.856 6.250e+07 2
515 14.184967 -9.255057 33.244897 -191.332 26.770 -27.671 6.250e+07 2
516 0.681959 -5.067667 29.853945 -82.997 -46.006 56.325 6.250e+07 2
517 5.897848 -13.774432 32.482921 1.837 -202.103 -35.712 6.250e+07 2
518 11.979579 -14.928485 31.555327 -10.589 51.374 43.940 6.250e+07 2
519 11.639884 -13.425602 34.966037 -63.118 168.753 -74.589 6.250e+07 2
520 9.456887 -16.226990 32.950666 129.648 218.452 58.259 6.250e+07 2
521 -2.805856 -0.597847 31.885663 -105.183 -106.540 25.589 6.250e+07 2
522 7.649324 -18.717946 32.347239 209.721 29.566 108.963 6.250e+07 2
523 10.463623 -21.731703 30.693259 244.579 -40.317 -0.919 6.250e+07 2
524 9.528523 -14.847077 33.630286 70.214 109.920 72.400 6.250e+07 2
525 11.545322 -14.718656 33.089231 -175.897 138.043 2.442 6.250e+07 2
526 8.697269 -14.316180 32.195833 57.781 -27.863 -157.528 6.250e+07 2
527 -1.992141 -20.257594 30.830843 -62.160 -146.212 20.007 6.250e+07 2
528 10.452114 -15.129422 33.856895 196.400 83.333 -130.397 6.250e+07 2
529 10.405865 -15.160653 31.087819 57.252 172.645 -113.720 6.250e+07 2
530 7.312163 -12.836715 32.341650 -194.013 27.586 -1.960 6.250e+07 2
531 6.996871 -10.515197 33.640708 -265.436 -100.376 -109.089 6.250e+07 2
532 4.361021 -12.673292 31.234297 -6.717 -264.497 -43.680 6.250e+07 2
533 -1.117562 1.100171 32.640987 -85.815 -104.701 32.116 6.250e+07 2
534 13.998878 -12.364471 32.543578 -45.781 159.227 -18.883 6.250e+07 2
535 7.641798 -10.945834 33.150630 -97.483 -218.639 -97.988 6.250e+07 2
536 9.510743 -14.481170 31.881659 78.374 120.656 -144.476 6.250e+07 2
537 144.076957 -697.883500 166.065176 75.639 -364.284 89.891 6.250e+07 2
538 8.543544 -16.993726 32.884723 153.573 -20.487 -1.742 6.250e+07 2
539 7.463015 -10.852462 31.243423 -185.862 -65.020 -35.772 6.250e+07 2
540 12.278042 -7.318208 31.727955 -109.090 38.466 3.445 6.250e+07 2
541 7.972012 -11.309246 31.325914 -214.291 50.872 38.334 6.250e+07 2
542 8.437849 -14.410957 32.374134 262.356 -238.314 -33.071 6.250e+07 2
543 8.435669 -13.554892 32.267386 -250.956 -79.698 112.444 6.250e+07 2
544 9.752395 -13.009666 32.709135 -119.516 159.689 -74.795 6.250e+07 2
545 4.607029 -7.190403 36.740416 -90.142 -30.196 116.571 6.250e+07 2
546 8.958879 -16.684314 34.292439 56.494 -131.397 31.323 6.250e+07 2
547 5.410536 -6.185785 32.531104 -149.631 -64.582 -40.336 6.250e+07 2
548 3.468986 -16.980850 33.310366 77.839 -92.894 -40.076 6.250e+07 2
549 -0.368117 -14.963824 31.788858 -178.177 -110.399 69.881 6.250e+07 2
550 8.425489 -17.878927 31.500063 123.709 -33.473 66.201 6.250e+07 2
551 5.965208 -14.866298 33.689184 -74.125 -185.552 -113.397 6.250e+07 2
552 7.112680 -14.193582 35.204746 199.287 -280.477 161.264 6.250e+07 2
553 6.310648 -19.070618 32.619788 -22.878 8.888 96.569 6.250e+07 2
554 6.656244 -12.629881 33.907990 -283.291 65.927 201.708 6.250e+07 2
555 9.013468 -11.851693 31.650746 -153.121 -31.128 -9.677 6.250e+07 2
556 5.829326 -4.399432 31.901763 -186.825 -72.466 63.676 6.250e+07 2
557 7.056138 -16.136837 32.888081 36.221 -119.590 226.126 6.250e+07 2
558 7.720629 -15.195705 33.245126 -139.816 113.068 144.947 6.250e+07 2
559 10.153665 -10.577432 33.049020 -148.220 316.149 -15.990 6.250e+07 2
560 -16.927556 15.321284 32.582632 -43.192 -26.798 13.059 6.250e+07 2
561 2.610053 -14.941583 33.469000 13.939 -132.617 12.741 6.250e+07 2
562 7.027248 -13.146814 33.793085 62.889 -90.950 72.956 6.250e+07 2
563 7.466225 -14.431305 32.940801 -7.985 -13.048 123.168 6.250e+07 2
564 9.642932 -16.145097 31.271008 266.168 45.912 65.252 6.250e+07 2
565 11.272232 -13.277886 33.207550 -14.667 134.324 70.917 6.250e+07 2
566 9.934419 -14.810811 32.030387 122.768 94.950 0.424 6.250e+07 2
567 6.627078 -14.335112 32.935023 -126.566 -322.389 80.909 6.250e+07 2
568 10.424961 -14.083900 31.220197 -3.524 39.101 165.218 6.250e+07 2
569 4.853794 -10.360090 33.100087 -224.899 -66.006 -39.843 6.250e+07 2
570 8.976777 -14.141113 33.009397 -115.818 13.162 -100.272 6.250e+07 2
571 7.230448 -13.940224 33.252134 -31.754 -73.730 56.276 6.250e+07 2
572 3.144317 -17.386081 28.311635 2.579 -74.081 43.330 6.250e+07 2
573 -227.264761 -108.647747 26.296586 -144.454 -69.674 37.038 6.250e+07 2
574 7.389517 -14.960317 31.068147 145.020 -17.220 -59.475 6.250e+07 2
575 2.784148 -18.214934 32.670748 111.047 -232.849 -90.815 6.250e+07 2
576 6.801764 -15.024515 33.146531 -133.602 -156.772 39.330 6.250e+07 2
577 9.611869 -15.776551 33.823976 273.355 253.825 -12.683 6.250e+07 2
578 1.021917 -14.187418 32.487006 -36.691 -146.015 18.403 6.250e+07 2
579 0.257804 -14.752603 29.615101 84.357 -137.570 112.126 6.250e+07 2
580 8.836332 -13.937775 31.669611 74.111 165.814 -47.157 6.250e+07 2
581 9.548470 -14.976990 32.760039 -48.838 163.328 28.698 6.250e+07 2
582 5.014901 -15.037597 31.892452 28.946 -291.169 12.104 6.250e+07 2
583 7.905035 -14.040341 31.936052 113.637 159.873 16.538 6.250e+07 2
584 1.895606 -8.419956 33.782562 -26.601 -173.666 -1.579 6.250e+07 2
585 13.644126 -10.229825 29.448598 -73.775 141.997 -10.512 6.250e+07 2
586 8.875280 -16.036590 35.142383 0.191 -51.132 -14.737 6.250e+07 2
587 -0.009540 1.259523 37.393894 -113.229 -45.982 15.887 6.250e+07 2
588 7.746983 -13.908734 32.030483 -118.351 18.890 -268.371 6.250e+07 2
589 7.851064 -13.978993 33.630893 -147.358 -121.373 -167.422 6.250e+07 2
590 7.698422 -14.115591 33.108076 -141.239 -25.802 15.017 6.250e+07 2
591 9.066170 -13.471160 30.637644 49.678 202.366 27.119 6.250e+07 2
592 9.313582 -12.136544 32.546143 -45.598 142.127 -121.614 6.250e+07 2
593 7.275755 -14.748891 33.321049 28.229 92.299 -147.739 6.250e+07 2
594 7.316083 -13.063252 34.004201 206.328 -55.700 -82.336 6.250e+07 2
595 9.924038 -9.749036 34.770970 -113.723 -140.137 97.120 6.250e+07 2
596 7.204271 -13.432376 33.276080 -11.112 -213.737 26.501 6.250e+07 2
597 13.224729 -17.241699 33.092322 -45.005 146.730 23.773 6.250e+07 2
598 8.427596 -15.307934 31.590757 87.006 97.681 1.407 6.250e+07 2
599 2.756159 -13.228542 31.406590 6.195 -162.229 18.135 6.250e+07 2
600 9.356248 -11.128027 31.621466 -61.203 -4.898 61.731 6.250e+07 2
601 7.008600 -13.914032 33.032651 -41.434 116.177 -106.478 6.250e+07 2
602 7.944460 -15.714730 33.021478 129.028 60.972 -65.346 6.250e+07 2
603 6.238758 -12.915755 33.311900 -194.954 -163.869 -55.522 6.250e+07 2
604 8.208185 -15.294180 32.812136 278.207 -152.510 87.265 6.250e+07 2
605 14.472977 -15.979203 35.761015 119.108 -11.990 107.468 6.250e+07 2
606 12.164837 -23.486459 32.771381 20.095 39.533 81.332 6.250e+07 2
607 -562.686844 280.508693 25.538370 -281.692 138.656 15.970 6.250e+07 2
608 -0.338860 -10.689613 32.777025 30.218 -83.782 -13.899 6.250e+07 2
609 9.596705 -17.471168 31.398396 221.007 -18.260 -52.734 6.250e+07 2
610 2.671775 -17.373049 33.927278 97.343 -191.370 63.356 6.250e+07 2
611 9.716825 -12.857968 35.094243 43.418 62.888 12.604 6.250e+07 2
612 6.884888 -17.191805 31.963354 59.802 -200.437 68.664 6.250e+07 2
613 8.895594 -16.232758 33.308831 52.102 43.766 11.706 6.250e+07 2
614 6.655802 -17.729565 33.001694 130.571 -53.303 90.779 6.250e+07 2
615 6.348604 -8.963334 31.476113 -224.967 -124.582 -13.760 6.250e+07 2
616 -0.113168 -14.823657 31.693698 -111.591 -137.271 -10.616 6.250e+07 2
617 14.864856 -19.449028 34.403686 77.588 149.963 -23.983 6.250e+07 2
618 11.539485 -12.700210 32.782400 -48.073 192.858 129.606 6.250e+07 2
619 10.084898 -15.973198 32.397060 268.733 124.392 34.776 6.250e+07 2
620 11.321561 -10.306174 32.788910 -225.239 109.345 -17.112 6.250e+07 2
621 6.749749 -18.047889 31.031726 175.899 -11.718 57.988 6.250e+07 2
622 -6.691717 -10.297779 30.582623 -118.458 -90.794 -12.463 6.250e+07 2
623 7.686084 -18.422325 36.976558 28.927 -143.002 50.664 6.250e+07 2
624 6.424073 -17.464500 30.738720 27.013 -42.390 144.097 6.250e+07 2
625 7.788205 -14.596161 32.739876 -55.444 -150.199 80.206 6.250e+07 2
626 6.613041 -16.200766 33.616016 180.182 -293.207 189.538 6.250e+07 2
627 5.928287 -15.813690 31.656285 257.546 -59.769 -31.110 6.250e+07 2
628 6.179925 -13.399348 32.987159 -54.918 -266.396 -149.233 6.250e+07 2
629 8.292791 -14.014064 32.993841 -43.232 -7.192 4.837 6.250e+07 2
630 12.308952 -41.183894 29.238515 70.027 25.151 33.623 6.250e+07 2
631 8.095027 -14.477492 32.636451 -103.202 185.873 109.076 6.250e+07 2
632 6.729287 -13.279433 34.002848 63.377 8.988 128.934 6.250e+07 2
633 8.468032 -15.514896 34.340794 -33.352 4.615 141.977 6.250e+07 2
634 11.064842 -15.233428 33.104749 30.568 -50.266 46.475 6.250e+07 2
635 8.539766 -12.736395 33.379196 34.442 193.951 79.596 6.250e+07 2
636 8.737127 -13.807651 35.979759 4.784 -81.595 -62.529 6.250e+07 2
637 4.595111 -13.370179 32.450546 116.921 5.576 23.151 6.250e+07 2
638 6.154639 -18.912823 32.778087 250.210 -42.808 36.710 6.250e+07 2
639 3.439726 -13.188638 29.638364 79.908 -167.437 -110.622 6.250e+07 2
640 8.023024 -14.527701 33.729825 180.582 37.173 -256.681 6.250e+07 2
641 7.530802 -8.546014 29.959517 -156.736 -12.850 -21.588 6.250e+07 2
642 1.295954 -13.327623 34.825449 -67.285 -185.277 80.503 6.250e+07 2
643 10.085962 -13.529785 29.671617 129.893 16.082 -93.263 6.250e+07 2
644 9.110458 -13.389648 34.057537 -141.703 33.403 119.381 6.250e+07 2
645 7.856286 -18.149328 35.182888 66.528 -27.938 -34.393 6.250e+07 2
646 5.109086 -15.775845 32.510677 -45.592 -77.669 75.589 6.250e+07 2
647 10.079371 -10.864572 33.206668 -190.763 33.194 121.235 6.250e+07 2
648 -3.935700 -8.752075 31.974132 -115.336 -76.989 13.645 6.250e+07 2
649 10.306780 -15.929986 30.964928 100.764 156.368 100.491 6.250e+07 2
650 12.199256 -12.286917 33.742506 -221.612 29.983 43.841 6.250e+07 2
651 22.408290 -9.114271 36.078319 -21.931 -2.171 47.501 6.250e+07 2
652 10.248576 -7.131493 37.093515 -128.143 137.931 125.912 6.250e+07 2
653 8.087167 -14.318951 32.997530 -195.002 -16.572 382.189 6.250e+07 2
654 8.657451 -15.913978 33.868325 103.763 98.402 84.420 6.250e+07 2
655 8.559545 -13.935428 32.426165 -76.817 187.052 171.100 6.250e+07 2
656 18.111179 -5.323118 28.677105 -31.464 126.488 -12.518 6.250e+07 2
657 5.449582 -15.211866 35.153640 126.040 -99.864 33.487 6.250e+07 2
658 -1339.841938 -73.380100 79.509670 -781.767 -43.180 47.322 6.250e+07 2
659 7.205918 -13.711208 32.863753 117.829 -246.177 -51.776 6.250e+07 2
660 6.914712 -14.065903 31.636040 118.660 -97.321 11.044 6.250e+07 2
661 7.953039 -13.095471 34.140500 -146.238 -56.958 162.506 6.250e+07 2
662 11.443821 -15.741210 35.076920 158.157 136.243 -79.661 6.250e+07 2
663 8.300213 -15.582629 31.830500 26.584 86.572 13.171 6.250e+07 2
664 8.580641 -14.877431 33.113863 21.290 -28.691 191.351 6.250e+07 2
665 -29.245915 8.573028 42.864526 64.194 -45.063 3.533 6.250e+07 2
666 594.470872 -610.619260 -85.556792 324.540 -333.693 -44.544 6.250e+07 2
667 181.600622 55.552099 57.186520 -34.499 -25.333 14.075 6.250e+07 2
668 6.071539 -5.029690 33.834522 -194.389 -19.364 -4.307 6.250e+07 2
669 12.939964 -13.622174 35.629213 -110.888 256.904 -58.634 6.250e+07 2
670 18.780309 -10.309354 35.781758 -31.674 160.533 -23.585 6.250e+07 2
671 6.263818 -14.885379 31.469169 -28.929 -62.406 -102.675 6.250e+07 2
672 17.028073 -26.929898 28.545803 121.242 23.762 35.032 6.250e+07 2
673 9.307436 -14.300373 33.057307 -93.765 96.983 10.721 6.250e+07 2
674 8.669831 -12.922570 32.819491 40.112 150.217 191.043 6.250e+07 2
675 6.933823 -14.023789 34.901237 61.368 129.017 200.921 6.250e+07 2
676 5.358904 -15.306487 32.084863 -51.416 -128.225 -5.627 6.250e+07 2
677 6.875439 -14.644536 33.478461 -91.893 -181.367 203.904 6.250e+07 2
678 -0.100171 -13.505493 33.708550 -91.309 -1.456 107.587 6.250e+07 2
679 11.096096 -16.135964 34.433293 100.913 20.487 -31.955 6.250e+07 2
680 12.376417 -6.357982 29.094217 -187.590 -42.339 9.541 6.250e+07 2
681 8.749066 -15.492457 32.178496 145.498 -53.537 78.209 6.250e+07 2
682 513.572349 -2191.056515 -89.340283 308.495 -1316.201 -53.436 6.250e+07 2
683 6.105222 -5.865826 36.037268 -136.802 -246.646 -33.785 6.250e+07 2
684 9.051723 -15.686535 32.230500 192.322 66.241 126.519 6.250e+07 2
685 7.643611 -13.936506 33.797623 188.575 76.942 82.073 6.250e+07 2
686 7.304823 -12.105242 32.739129 -220.228 -158.687 -98.545 6.250e+07 2
687 2.503007 -18.009974 35.132437 137.617 51.296 5.922 6.250e+07 2
688 13.493388 -14.523178 32.613474 18.738 177.758 49.152 6.250e+07 2
689 10.379310 -8.663069 33.212817 -334.832 87.915 -54.591 6.250e+07 2
690 6.293516 -14.900057 33.261725 -174.773 -138.005 124.245 6.250e+07 2
691 7.468418 -14.418974 32.004495 -208.470 -222.714 -15.915 6.250e+07 2
692 7.235646 -14.718898 33.236223 54.623 -52.321 67.726 6.250e+07 2
693 4.001514 -13.886077 34.051011 168.806 -162.852 1.089 6.250e+07 2
694 12.528344 -10.361666 30.921856 -46.222 161.289 25.649 6.250e+07 2
695 5.993855 -17.760193 29.416492 82.486 -69.076 -102.561 6.250e+07 2
696 2.240967 -9.029601 34.326754 -248.932 50.756 -13.403 6.250e+07 2
697 7.797499 -13.901183 32.396003 -180.753 -181.783 125.116 6.250e+07 2
698 7.912912 -14.873006 31.665213 307.049 -52.836 117.114 6.250e+07 2
699 8.020401 -13.006511 31.219099 -117.775 -5.489 54.977 6.250e+07 2
700 9.375743 -11.985334 32.602684 -143.644 -80.613 17.492 6.250e+07 2
701 4.343032 -11.834894 34.237980 -54.174 -71.124 -65.784 6.250e+07 2
702 7.835980 -15.510085 31.785997 177.001 62.361 -35.334 6.250e+07 2
703 8.050605 -13.724260 33.329943 -104.741 1.866 198.027 6.250e+07 2
704 6.980325 -13.047674 32.349407 42.162 -60.314 -61.951 6.250e+07 2
705 8.905628 -12.522231 32.833034 -95.110 -132.579 -67.966 6.250e+07 2
706 6.540385 -16.779207 32.996731 140.184 91.611 114.167 6.250e+07 2
707 15.499232 -18.616648 33.319803 94.725 223.957 -15.732 6.250e+07 2
708 8.566619 -11.993494 32.018582 -58.524 86.075 -47.342 6.250e+07 2
709 8.941496 -13.717425 32.465444 -183.799 -14.298 -123.173 6.250e+07 2
710 5.321657 -15.000605 34.865605 124.949 -8.325 67.075 6.250e+07 2
711 7.055818 -13.657871 32.873025 -106.467 -95.077 31.071 6.250e+07 2
712 7.557360 -3.164109 41.441958 2.131 -240.583 -83.600 6.250e+07 2
713 8.574377 -15.586274 32.570099 183.463 29.971 66.748 6.250e+07 2
714 3.778198 -10.082631 31.261369 -112.021 -48.799 -12.026 6.250e+07 2
715 10.963104 -19.308232 32.632287 12.852 38.293 -50.784 6.250e+07 2
716 5.588103 -5.990725 31.497707 -178.611 -102.091 37.614 6.250e+07 2
717 6.533096 -15.056957 33.808204 67.523 -132.343 154.620 6.250e+07 2
718 14.552717 -19.455119 32.978695 59.480 103.101 81.714 6.250e+07 2
719 1.202623 -5.962460 36.150423 -35.582 -153.655 -36.375 6.250e+07 2
720 8.242951 -15.740840 31.675214 263.252 56.034 111.088 6.250e+07 2
721 15.144565 1.799669 30.383036 -194.115 -57.525 57.511 6.250e+07 2
722 5.491007 -12.829692 33.350439 -93.878 13.350 27.205 6.250e+07 2
723 9.210970 -13.861246 32.484254 -53.156 245.053 180.414 6.250e+07 2
724 10.336883 -12.152983 31.926809 -248.689 89.673 103.889 6.250e+07 2
725 6.134845 -14.130383 32.998985 161.477 -207.081 -40.455 6.250e+07 2
726 -0.858890 -16.124930 31.943809 6.772 -144.898 15.918 6.250e+07 2
727 10.098701 -16.394345 31.411087 -152.505 304.690 -40.598 6.250e+07 2
728 4.604209 -13.344551 34.095429 -5.019 -113.038 -97.334 6.250e+07 2
729 6.887386 -15.058012 32.359565 -172.309 -269.904 61.419 6.250e+07 2
730 9.131405 -14.284728 32.990035 237.038 127.213 26.140 6.250e+07 2
731 7.111054 -14.048321 32.084670 71.039 42.947 -11.734 6.250e+07 2
732 8.209094 -14.025095 32.666122 134.194 -59.617 138.551 6.250e+07 2
733 -1.266836 -17.506603 32.985520 68.429 -174.604 25.521 6.250e+07 2
734 13.602179 -16.183936 32.858283 55.066 204.214 81.459 6.250e+07 2
735 7.041366 -12.610657 32.839429 -78.438 -121.933 -72.900 6.250e+07 2
736 7.739081 -15.268544 32.862160 132.372 65.167 21.821 6.250e+07 2
737 5.905892 -13.804554 33.971466 -131.364 -5.646 -85.651 6.250e+07 2
738 17.148556 -18.786826 28.756920 -106.890 73.195 -0.414 6.250e+07 2
739 9.260214 -13.786776 31.752869 86.478 -142.976 -63.049 6.250e+07 2
740 7.287419 -12.872014 33.000205 166.737 -51.851 -34.564 6.250e+07 2
741 4.833359 -15.654040 33.622556 58.680 -63.274 -98.276 6.250e+07 2
742 0.878003 -15.016779 37.050092 -16.184 -115.891 42.474 6.250e+07 2
743 6.886323 -14.158949 33.681630 -135.571 18.800 93.885 6.250e+07 2
744 -227.553446 -108.379085 26.121230 -157.291 -49.159 -12.068 6.250e+07 2
745 -2.903906 2.115918 34.870960 -56.890 53.574 31.546 6.250e+07 2
746 6.171360 -14.301535 34.050734 -164.011 -22.245 -38.530 6.250e+07 2
747 8.057394 -15.519326 33.071973 -37.672 130.487 3.990 6.250e+07 2
748 7.921627 -14.181402 32.750582 -17.873 83.601 -9.161 6.250e+07 2
749 -2.877761 -11.801427 33.605239 88.926 -130.358 -12.078 6.250e+07 2
750 9.323988 -10.934361 32.518067 -181.930 -103.918 -27.766 6.250e+07 2
751 15.479934 -6.063863 30.128415 3.064 218.284 -30.757 6.250e+07 2
752 7.311289 -12.174801 32.072582 -71.233 -83.097 -138.058 6.250e+07 2
753 15.773902 -8.814042 34.131298 -7.604 50.985 -47.499 6.250e+07 2
754 7.668139 -13.309512 32.627565 -64.524 94.031 10.309 6.250e+07 2
755 6.576070 -15.246051 32.301473 96.357 -32.426 175.738 6.250e+07 2
756 8.619798 -13.904861 32.556232 164.687 90.011 -175.870 6.250e+07 2
757 7.989980 -15.839348 32.845311 146.995 -73.330 252.219 6.250e+07 2
758 2.477527 -19.761201 32.277578 139.205 9.294 55.169 6.250e+07 2
759 10.115496 -16.472287 31.965620 46.455 218.057 -22.893 6.250e+07 2
760 13.598384 -17.800482 34.604207 82.492 106.621 23.189 6.250e+07 2
761 8.158645 -13.479941 32.261720 -272.698 78.411 23.178 6.250e+07 2
762 9.053083 -14.695224 32.110815 -81.227 39.999 8.530 6.250e+07 2
763 9.844608 -12.647302 32.598748 -77.475 96.030 -101.918 6.250e+07 2
764 7.808949 -14.006554 33.215257 8.165 154.363 93.968 6.250e+07 2
765 4.278653 -2.613363 32.551377 -149.908 -113.450 -15.962 6.250e+07 2
766 2.357447 -11.990817 32.242603 -65.316 -183.020 73.989 6.250e+07 2
767 10.607000 -15.103150 32.741030 121.243 248.000 14.567 6.250e+07 2
768 8.435999 -14.099632 32.161200 -155.520 66.010 135.207 6.250e+07 2
769 93.267034 1479.146009 -148.405664 54.462 871.274 -87.188 6.250e+07 2
770 7.221000 -23.001216 33.667034 155.321 78.354 -30.829 6.250e+07 2
771 5.708430 -12.229104 33.886012 -36.369 -22.023 134.338 6.250e+07 2
772 1.216241 -10.824923 34.102023 23.990 -223.002 -3.527 6.250e+07 2
773 -3.936487 -10.900481 28.074521 -17.544 7.856 33.489 6.250e+07 2
774 10.707627 -12.264867 34.434690 -58.326 115.815 -30.137 6.250e+07 2
775 7.369289 -19.209640 34.627363 119.374 -96.985 42.758 6.250e+07 2
776 7.098211 -14.015458 33.547674 88.481 -77.609 -150.570 6.250e+07 2
777 5.886279 -13.326009 32.322834 -252.855 -157.699 -119.225 6.250e+07 2
778 5.170317 -10.743712 30.726817 -70.433 20.455 13.023 6.250e+07 2
779 6.165240 -14.768530 32.898130 93.979 -118.441 45.605 6.250e+07 2
780 8.259372 -13.647193 33.123974 26.195 -227.463 -123.606 6.250e+07 2
781 15.220355 -11.915281 30.430491 -29.446 123.225 -20.625 6.250e+07 2
782 10.395520 -7.433048 32.727178 -53.120 17.394 7.677 6.250e+07 2
783 0.177673 -8.380647 31.074718 20.592 -116.937 26.407 6.250e+07 2
784 8.541311 -13.061461 35.819836 118.578 -18.189 17.159 6.250e+07 2
785 10.472453 -21.701945 33.116796 -22.407 192.454 23.672 6.250e+07 2
786 9.520181 -14.139969 32.620579 14.098 67.330 40.155 6.250e+07 2
787 7.321883 -14.735617 33.152509 -63.457 -68.102 -119.212 6.250e+07 2
788 8.662616 -14.239588 32.610918 -182.426 81.105 -262.295 6.250e+07 2
789 5.316785 -5.336821 29.135153 -169.019 30.673 52.547 6.250e+07 2
790 7.568163 -15.631632 34.161439 -90.606 114.178 -90.968 6.250e+07 2
791 -1.772464 -16.723286 40.045024 -58.177 -77.989 108.679 6.250e+07 2
792 13.999416 -12.850883 32.259700 -103.377 41.498 1.709 6.250e+07 2
793 -2.132110 -6.133725 27.328703 -50.935 -56.039 24.895 6.250e+07 2
794 0.755534 -3.183472 33.043838 -130.563 -64.832 49.213 6.250e+07 2
795 4.890565 -12.728371 32.625431 -117.693 -148.328 -162.309 6.250e+07 2
796 13.101997 -14.880372 34.093470 5.384 101.685 -94.173 6.250e+07 2
797 6.576337 -12.785203 33.444052 -111.554 -235.781 159.423 6.250e+07 2
798 1.868060 -17.268593 29.894296 40.980 -188.759 1.583 6.250e+07 2
799 7.134518 -13.219851 34.098987 109.731 -53.371 -161.324 6.250e+07 2
800 9.597552 -17.455079 31.083898 334.801 -45.550 -46.486 6.250e+07 2
801 8.287794 -13.352881 33.780466 -19.117 34.251 -133.537 6.250e+07 2
802 7.010066 -14.575210 33.447192 96.843 183.549 -93.879 6.250e+07 2
803 4.526164 -18.295456 34.098464 72.978 62.501 107.309 6.250e+07 2
804 8.569956 -14.660174 32.428599 48.425 63.128 68.690 6.250e+07 2
805 6.573638 -16.481971 33.393162 55.420 -107.345 95.398 6.250e+07 2
806 8.810497 -16.730252 32.290827 -133.892 83.171 212.695 6.250e+07 2
807 10.250680 -16.102618 30.387124 198.529 147.690 4.609 6.250e+07 2
808 7.025645 3.195490 33.986018 -86.344 -57.715 38.526 6.250e+07 2
809 7.157479 -12.901716 32.393688 -163.991 -137.156 -33.623 6.250e+07 2
810 6.335632 -10.376443 33.564998 31.955 -199.535 66.583 6.250e+07 2
811 5.657075 -15.233420 32.101365 -123.599 -100.530 -181.893 6.250e+07 2
812 8.349298 -16.519970 32.598933 159.734 -57.317 134.249 6.250e+07 2
813 6.912609 -15.180350 32.276414 -120.335 52.112 149.908 6.250e+07 2
814 8.024358 -14.179836 31.927354 -402.513 71.286 -66.800 6.250e+07 2
815 6.998561 -12.328869 33.866739 -273.987 -15.660 187.369 6.250e+07 2
816 8.803608 -13.137548 31.539787 2.485 -39.804 -151.851 6.250e+07 2
817 8.824951 -10.191946 33.880941 -93.175 -54.655 -66.755 6.250e+07 2
818 4.860701 -9.633835 33.766475 -156.278 -148.260 -76.857 6.250e+07 2
819 8.848748 -16.015334 33.716515 124.762 -7.286 86.584 6.250e+07 2
820 16.495569 -9.643258 33.187063 -84.017 78.869 38.721 6.250e+07 2
821 2.294407 -9.152566 31.953807 -113.662 -169.679 -12.942 6.250e+07 2
822 7.311691 -13.601521 32.734987 -213.093 -53.393 40.362 6.250e+07 2
823 9.000191 -14.553571 31.976265 58.877 35.164 27.896 6.250e+07 2
824 5.590441 -11.456894 33.035696 -109.239 -60.957 -74.991 6.250e+07 2
825 10.613718 -10.443888 32.724362 -225.228 -110.258 26.921 6.250e+07 2
826 11.642062 -14.568506 32.976229 -1.225 183.579 56.187 6.250e+07 2
827 13.912448 -18.001010 31.473176 224.930 -30.447 -13.635 6.250e+07 2
828 8.519429 -15.261165 33.228918 94.016 122.911 17.668 6.250e+07 2
829 1879.094862 -1299.969499 -129.007357 1129.391 -781.499 -77.425 6.250e+07 2
830 9.680668 -15.500231 29.997859 -38.669 105.465 11.257 6.250e+07 2
831 8.752269 -14.496177 33.044733 8.718 118.419 180.049 6.250e+07 2
832 9.891951 -13.919505 32.698820 98.716 285.624 206.952 6.250e+07 2
833 10.065096 -20.159363 33.098235 268.445 -23.140 39.993 6.250e+07 2
834 8.425600 -12.551484 33.582143 -202.969 121.467 100.049 6.250e+07 2
835 6.821052 -9.508851 31.095465 -234.186 116.209 70.773 6.250e+07 2
836 11.274144 -19.173514 32.288810 217.524 5.514 -50.542 6.250e+07 2
837 7.977612 -11.774658 31.113055 -187.179 26.870 -117.225 6.250e+07 2
838 6.422697 -14.637668 32.043455 -257.652 -214.625 -7.486 6.250e+07 2
839 5.098412 -18.666156 32.596529 82.796 -74.798 -19.244 6.250e+07 2
840 5.405342 -12.899062 31.620003 -116.130 -72.661 -189.834 6.250e+07 2
841 10.092779 -13.644287 31.555857 -68.903 22.893 6.389 6.250e+07 2
842 8.380108 -12.674544 31.568086 -123.343 54.189 -68.207 6.250e+07 2
843 14.187794 -13.836811 31.400227 155.557 146.480 9.661 6.250e+07 2
844 3.170264 -20.808588 32.052000 165.392 24.214 -55.395 6.250e+07 2
845 7.817219 -15.238894 32.851820 18.085 56.085 5.023 6.250e+07 2
846 11.566689 -17.770485 31.284715 132.485 121.398 140.454 6.250e+07 2
847 10.023889 -11.255849 33.757956 106.299 331.387 -58.147 6.250e+07 2
848 -6.445141 -1.579367 30.189104 56.894 -137.797 73.818 6.250e+07 2
849 7.464692 -16.151513 33.163930 247.789 2.016 72.866 6.250e+07 2
850 8.941516 -14.508046 32.277818 47.705 -62.438 274.765 6.250e+07 2
851 7.601042 -16.569883 34.073849 61.442 -131.146 -110.784 6.250e+07 2
852 13.559490 -12.622351 31.734604 -31.522 133.656 145.518 6.250e+07 2
853 6.045534 -12.100529 31.882005 -308.795 42.013 11.162 6.250e+07 2
854 6.203861 -7.864771 33.465824 -12.454 -59.795 72.368 6.250e+07 2
855 5.294888 -13.725126 32.474538 -98.792 -192.224 -45.332 6.250e+07 2
856 9.318056 -12.926461 32.725512 142.106 244.955 143.054 6.250e+07 2
857 8.856773 -13.952703 33.607454 -176.910 -124.532 -93.170 6.250e+07 2
858 7.304430 -17.675416 34.081690 95.781 -151.536 138.643 6.250e+07 2
859 5.774080 -13.199703 32.937959 -106.675 -159.847 -8.247 6.250e+07 2
860 5.690029 -10.261728 34.229547 -47.531 -103.725 186.184 6.250e+07 2
861 6.700906 -14.272240 34.189577 59.112 -67.096 209.927 6.250e+07 2
862 7.806053 -12.538001 33.057931 -119.536 -95.051 -42.359 6.250e+07 2
863 9.691689 -15.124914 32.451916 0.233 141.955 -17.797 6.250e+07 2
864 13.576601 -17.782490 32.094859 146.322 67.717 27.062 6.250e+07 2
865 7.108226 -15.455124 32.535766 327.168 7.379 139.314 6.250e+07 2
866 22.794665 -23.819243 26.506041 -44.673 54.875 48.371 6.250e+07 2
867 9.320174 -14.584944 33.520408 -204.568 63.919 86.089 6.250e+07 2
868 9.773344 -15.143276 34.068671 -52.194 159.274 41.227 6.250e+07 2
869 22.172841 -14.190267 30.364186 244.704 -17.029 -18.464 6.250e+07 2
870 8.360798 -13.918761 32.937430 -68.554 102.310 105.371 6.250e+07 2
871 -0.227172 -13.430664 34.493756 30.853 -152.612 55.521 6.250e+07 2
872 8.476072 -14.361055 32.984397 -0.771 -8.166 156.588 6.250e+07 2
873 8.911416 -13.950504 32.701996 76.544 136.034 -35.320 6.250e+07 2
874 9.358258 -13.283678 32.760017 -309.253 -51.760 -41.101 6.250e+07 2
875 9.121790 -16.973161 32.503040 143.396 148.629 143.309 6.250e+07 2
876 2.295947 -17.129373 31.741254 10.562 -339.531 -14.572 6.250e+07 2
877 2.065344 -13.647156 34.163817 -4.009 -190.117 1.147 6.250e+07 2
878 2.707923 -9.756777 29.485208 -19.974 -63.937 0.954 6.250e+07 2
879 4.252145 -13.648425 31.982137 48.251 -96.811 -143.756 6.250e+07 2
880 3.957811 -13.778946 31.143508 37.184 -226.482 -26.073 6.250e+07 2
881 8.945957 -15.052181 32.887056 52.098 54.310 94.812 6.250e+07 2
882 15.523353 -17.786974 32.238491 58.716 205.180 -41.692 6.250e+07 2
883 8.697773 -14.339497 32.807169 -76.129 -90.568 76.919 6.250e+07 2
884 3.728573 -5.292969 34.352584 -83.670 -114.162 27.289 6.250e+07 2
885 11.741288 -14.694295 33.002626 -131.280 171.103 6.248 6.250e+07 2
886 8.481865 -14.882274 28.629861 79.413 59.507 51.662 6.250e+07 2
887 7.224908 -13.560062 32.756509 173.910 -212.317 89.572 6.250e+07 2
888 9.441409 -12.698327 32.808439 -95.383 138.482 -74.301 6.250e+07 2
889 5.268182 -15.441037 32.294725 202.512 -106.848 -28.351 6.250e+07 2
890 1.932412 -5.164179 32.647839 -154.820 -43.027 5.209 6.250e+07 2
891 12.074095 -14.656701 29.599014 -132.269 149.390 34.273 6.250e+07 2
892 5.600127 -12.693493 33.104688 43.459 -52.093 -9.265 6.250e+07 2
893 4.694929 -16.933611 33.008767 223.700 -169.563 1.413 6.250e+07 2
894 7.493122 -16.602551 31.418120 198.752 -144.776 -46.582 6.250e+07 2
895 18.867146 -17.320567 34.222219 -48.729 108.103 -84.840 6.250e+07 2
896 9.928710 -8.992253 31.296140 -133.639 133.345 -25.322 6.250e+07 2
897 10.804564 -12.257792 32.892975 3.054 151.466 -76.526 6.250e+07 2
898 20.767482 -18.337897 30.893743 9.900 163.391 29.301 6.250e+07 2
899 -3.714602 -30.228309 33.818296 11.663 -50.060 11.775 6.250e+07 2
900 9.764650 -12.204495 32.339808 15.576 -20.920 5.946 6.250e+07 2
901 5.537001 -15.508834 33.119369 107.426 -141.935 -40.017 6.250e+07 2
902 7.700282 -13.203915 32.111052 26.614 -89.914 131.291 6.250e+07 2
903 4.674856 -14.866736 32.721636 -124.389 -229.997 22.916 6.250e+07 2
904 7.920844 -13.674256 31.354997 50.905 -10.006 -94.165 6.250e+07 2
905 9.230869 -12.936501 32.883751 140.359 -43.026 158.041 6.250e+07 2
906 7.024378 -12.626648 35.171247 -58.877 -3.755 68.447 6.250e+07 2
907 9.426383 -16.888576 32.596368 140.172 16.748 23.152 6.250e+07 2
908 8.757451 -12.653148 33.117909 -98.713 -87.971 170.908 6.250e+07 2
909 7.945052 -15.409596 33.027328 190.786 -31.750 23.813 6.250e+07 2
910 10.378399 -14.621576 32.291158 17.019 251.392 75.298 6.250e+07 2
911 12.923493 -4.204403 32.295030 -103.342 62.582 33.114 6.250e+07 2
912 907.991931 -419.514433 50.434306 510.145 -236.739 29.802 6.250e+07 2
913 9.872596 -16.478655 34.199536 119.808 116.608 -33.441 6.250e+07 2
914 -11.456336 -10.743843 32.165135 -56.339 -73.361 61.816 6.250e+07 2
915 9.725855 -9.957703 33.228178 -200.700 -164.747 -25.694 6.250e+07 2
916 16.537158 -0.370885 31.088051 -9.141 96.132 40.488 6.250e+07 2
917 15.387589 -13.506295 35.180948 21.759 137.587 61.781 6.250e+07 2
918 7.127473 -12.526140 30.720415 -159.488 52.671 -121.575 6.250e+07 2
919 -339.312502 153.274758 0.206236 -116.001 49.029 8.397 6.250e+07 2
920 15.028685 -22.341183 36.738366 118.608 49.595 0.568 6.250e+07 2
921 8.841296 -14.343624 32.441956 61.177 -37.253 6.516 6.250e+07 2
922 2.885287 -14.553894 33.569324 7.856 -229.046 -1.094 6.250e+07 2
923 8.758573 -14.833276 31.899658 229.003 170.560 -133.907 6.250e+07 2
924 3.548005 -17.959598 35.185831 4.294 -147.057 31.229 6.250e+07 2
925 9.106243 -7.445561 30.772138 -100.528 -59.755 77.589 6.250e+07 2
926 7.494531 -14.861453 32.542276 130.659 112.340 -97.372 6.250e+07 2
927 8.822090 -13.041187 32.852270 11.661 119.632 113.474 6.250e+07 2
928 7.267701 -14.007386 32.543840 15.307 -55.906 87.460 6.250e+07 2
929 10.714777 -13.971878 32.113050 -125.857 115.252 -16.476 6.250e+07 2
930 9.146200 -13.791411 33.071107 202.963 106.835 29.701 6.250e+07 2
931 6.142971 -15.399110 32.761034 55.180 -281.821 94.143 6.250e+07 2
932 15.482869 -13.834013 31.287511 68.620 243.620 -2.928 6.250e+07 2
933 7.555605 -14.542583 32.589820 18.035 61.730 149.341 6.250e+07 2
934 7.485517 -14.704059 32.287772 -80.601 -242.604 131.722 6.250e+07 2
935 7.949828 -8.785951 35.271246 -42.198 -62.176 -22.637 6.250e+07 2
936 6.811506 -18.154385 34.266864 136.214 -157.910 123.912 6.250e+07 2
937 12.268139 -10.048718 31.135944 -165.079 160.721 102.011 6.250e+07 2
938 -227.263345 -108.445650 26.284366 -107.451 -53.285 24.020 6.250e+07 2
939 -1.649319 -13.099872 32.580746 61.966 -117.137 68.997 6.250e+07 2
940 11.636400 -11.750912 33.034810 23.406 130.082 -60.693 6.250e+07 2
941 7.094952 -15.914091 32.528134 245.148 -204.270 148.960 6.250e+07 2
942 6.240069 -14.600794 33.286690 187.129 -3.356 1.509 6.250e+07 2
943 9.497795 -13.845667 32.340178 35.979 208.307 -80.880 6.250e+07 2
944 6.488310 -18.437120 33.750092 63.589 27.372 -19.370 6.250e+07 2
945 8.231517 -16.361069 31.310789 107.963 -45.810 148.785 6.250e+07 2
946 8.919960 -14.852352 33.664152 251.895 -35.080 6.095 6.250e+07 2
947 7.793399 -12.224890 33.561214 19.800 -136.082 -59.072 6.250e+07 2
948 8.860584 -17.287730 31.213779 116.543 253.907 117.064 6.250e+07 2
949 3.277064 -13.136071 32.718596 -189.785 -124.700 7.602 6.250e+07 2
950 7.698543 -14.751898 31.596476 -41.943 -8.399 -51.791 6.250e+07 2
951 13.436529 -9.203346 32.731641 -39.326 232.284 -9.013 6.250e+07 2
952 6.153085 -20.299218 30.877808 14.365 -100.478 -6.081 6.250e+07 2
953 11.080650 -15.560479 34.042750 -4.696 78.466 129.740 6.250e+07 2
954 -1.525710 -14.554462 33.309089 127.104 9.356 58.401 6.250e+07 2
955 -1.723710 -26.199009 30.088062 49.109 -81.121 45.700 6.250e+07 2
956 7.924910 -13.712502 34.438483 49.336 -62.616 -15.481 6.250e+07 2
957 8.614799 -14.932592 33.144526 -26.079 214.679 44.744 6.250e+07 2
958 4.149397 -10.967769 33.898937 -80.322 -154.466 98.250 6.250e+07 2
959 7.085141 -10.107587 30.885953 -43.811 -60.135 15.036 6.250e+07 2
960 7.558647 -15.553213 33.311707 255.007 52.655 130.526 6.250e+07 2
961 7.582329 -13.434964 32.774354 -6.447 -87.157 -142.695 6.250e+07 2
962 5.079207 -20.254439 36.293577 267.373 55.728 -3.774 6.250e+07 2
963 14.812317 -12.354998 32.997527 157.836 114.233 30.256 6.250e+07 2
964 9.186491 -13.182147 32.894430 -16.191 71.688 140.586 6.250e+07 2
965 8.402505 -14.265803 32.639444 9.223 -10.043 143.769 6.250e+07 2
966 -3.096341 -36.741789 32.911104 117.431 -15.801 40.558 6.250e+07 2
967 8.963635 -7.232000 30.878844 -141.235 30.121 13.914 6.250e+07 2
968 7.348136 -10.375628 31.348813 -110.296 35.720 -24.923 6.250e+07 2
969 4.891982 -10.347718 29.568922 -97.744 6.007 -26.263 6.250e+07 2
970 -3.945922 -12.463852 29.653876 -55.540 -101.758 48.145 6.250e+07 2
971 12.113054 5.918289 36.544769 -69.165 -60.925 29.778 6.250e+07 2
972 7.634310 -16.186457 33.004028 75.762 -35.691 -12.516 6.250e+07 2
973 7.121986 -14.884578 34.008460 42.341 -116.805 -18.769 6.250e+07 2
974 -584.203305 -273.010004 28.559497 -293.301 -138.367 17.936 6.250e+07 2
975 4.275187 -25.024157 24.870021 110.025 97.646 75.369 6.250e+07 2
976 6.537483 -19.729209 32.351938 96.831 -36.432 -1.609 6.250e+07 2
977 6.687238 -6.468207 34.002901 -96.480 65.340 21.566 6.250e+07 2
978 7.537368 -14.291941 32.888656 67.741 -24.775 169.217 6.250e+07 2
979 8.020189 -13.937261 33.618799 -258.989 -58.338 25.750 6.250e+07 2
980 -482.165427 773.036059 74.025892 -267.820 428.661 42.704 6.250e+07 2
981 -9.281309 -7.678639 32.234825 106.221 -137.928 14.968 6.250e+07 2
982 3.051649 -12.458818 33.953971 -6.152 -234.655 -2.658 6.250e+07 2
983 11.401397 -13.041245 32.711139 31.006 282.269 24.391 6.250e+07 2
984 8.061000 -14.484761 32.930876 299.604 86.784 -220.068 6.250e+07 2
985 7.185209 -14.333757 33.062177 -157.840 -48.370 -149.232 6.250e+07 2
986 9.247074 -14.999152 33.191814 -50.321 90.755 -15.937 6.250e+07 2
987 7.605177 -12.159107 33.247624 -10.661 138.478 -114.012 6.250e+07 2
988 6.286404 -18.240570 31.721188 117.434 62.040 73.319 6.250e+07 2
989 7.829836 -8.250817 33.405646 -165.066 -80.377 65.013 6.250e+07 2
990 9.707583 -14.285450 33.450026 9.900 217.278 18.189 6.250e+07 2
991 7.178168 -14.187121 32.933446 -206.892 64.478 -20.434 6.250e+07 2
992 6.641068 -15.197942 31.976009 57.003 45.805 179.119 6.250e+07 2
993 11.154188 -6.620154 32.851484 -143.750 207.089 -46.326 6.250e+07 2
994 7.608962 -13.716647 32.537706 -46.591 -98.570 133.890 6.250e+07 2
995 6.284551 -13.122640 33.223198 48.801 -229.043 -79.267 6.250e+07 2
996 8.967115 -15.320391 32.053174 222.493 77.225 144.239 6.250e+07 2
997 4.928901 -10.715966 34.522900 -74.269 -80.376 77.270 6.250e+07 2
998 8.817990 -16.341720 32.255899 170.556 326.529 -63.666 6.250e+07 2
999 9.939181 -14.287994 31.687892 -69.747 -47.291 -142.552 6.250e+07 2
