# MOND N-body snapshot at t = 1.000 Gyr
# id x(kpc) y(kpc) z(kpc) vx(km/s) vy(km/s) vz(km/s) mass(M_sun) type
0 18.608278 -31.575640 -52.855026 39.063 -71.833 -98.643 5.000e+07 1
1 6.679353 -10.118123 20.873731 57.133 -67.955 -186.468 5.000e+07 1
2 7.392365 -10.994215 19.935575 25.889 204.339 -6.643 5.000e+07 1
3 7.149215 -9.498072 23.562161 -68.384 -47.948 10.010 5.000e+07 1
4 7.406480 -9.618082 19.345114 92.803 186.115 -16.165 5.000e+07 1
5 6.243828 -9.370681 20.331883 -19.195 133.721 171.959 5.000e+07 1
6 1.823890 -8.062487 18.765622 -37.111 -62.697 143.003 5.000e+07 1
7 7.496358 21.971468 23.967277 -6.236 165.811 17.525 5.000e+07 1
8 1.377235 -6.539983 20.905516 -14.148 -66.279 29.698 5.000e+07 1
9 6.245373 -6.754994 19.943925 -180.952 109.999 -41.851 5.000e+07 1
10 5.211236 -9.118973 21.012520 -160.330 46.829 -182.219 5.000e+07 1
11 4.789525 -8.616556 19.635892 37.247 -89.965 -160.641 5.000e+07 1
12 5.693110 -12.546242 22.841145 104.771 -138.892 -9.243 5.000e+07 1
13 6.709454 -9.818320 21.141196 -185.560 155.795 -67.627 5.000e+07 1
14 5.322913 -9.204376 20.620046 -182.633 -9.744 -107.549 5.000e+07 1
15 6.994125 -5.529524 22.179359 37.978 118.619 154.876 5.000e+07 1
16 7.374735 -10.315352 20.952388 148.940 107.531 96.478 5.000e+07 1
17 21.079776 -40.139838 -48.513759 24.403 -30.044 23.954 5.000e+07 1
18 5.880385 -9.336312 19.020091 72.096 -15.452 103.325 5.000e+07 1
19 4.166592 -8.787950 20.741506 213.404 -55.257 -60.659 5.000e+07 1
20 2.399745 -11.749841 20.801403 68.536 13.703 -85.427 5.000e+07 1
21 5.242620 -10.653404 20.936104 101.270 78.423 69.707 5.000e+07 1
22 8.197915 -6.891708 20.561330 62.145 42.347 31.360 5.000e+07 1
23 6.253416 -6.899047 18.497210 -158.049 48.587 11.388 5.000e+07 1
24 6.084946 -2.715262 21.644509 -41.998 -108.163 60.649 5.000e+07 1
25 -28.853613 -8.622988 -55.712676 68.941 2.521 220.549 5.000e+07 1
26 -7.717245 3.448667 11.890420 42.922 -50.004 117.794 5.000e+07 1
27 6.070728 -12.138297 21.433614 -36.815 247.943 -28.321 5.000e+07 1
28 5.689596 -9.359476 20.834430 -37.442 -200.981 240.868 5.000e+07 1
29 4.018220 -9.994753 19.833450 112.391 -182.542 31.761 5.000e+07 1
30 6.450757 -9.280295 20.605561 -150.005 -81.389 -29.683 5.000e+07 1
31 0.188587 -7.730519 19.491393 -78.258 -61.324 -89.797 5.000e+07 1
32 10.345464 -5.038734 22.044558 -53.054 -109.781 61.169 5.000e+07 1
33 6.868794 -11.189731 19.162587 43.183 76.075 7.330 5.000e+07 1
34 0.332091 -9.634106 21.283303 40.473 -17.564 53.432 5.000e+07 1
35 7.591659 -10.564068 22.951381 16.298 284.673 -99.039 5.000e+07 1
36 4.633312 -9.858684 20.567882 51.727 -55.925 -143.787 5.000e+07 1
37 10.431210 -19.832217 18.204446 111.559 24.697 35.741 5.000e+07 1
38 -0.328630 -19.224529 29.469048 66.459 26.880 40.112 5.000e+07 1
39 5.840319 -9.149454 20.697431 -27.201 -142.915 77.526 5.000e+07 1
40 6.286369 -10.575235 20.133315 140.213 -162.483 177.969 5.000e+07 1
41 3.409632 -10.796115 21.111965 -149.124 -190.297 68.885 5.000e+07 1
42 3.673528 -9.356230 20.869719 136.717 -117.334 64.853 5.000e+07 1
43 7.083907 -8.634125 20.229171 55.975 214.377 175.828 5.000e+07 1
44 5.833262 -7.374154 21.496814 -64.941 -207.045 160.671 5.000e+07 1
45 10.491629 -13.911871 19.561186 196.191 88.739 29.155 5.000e+07 1
46 -0.975947 -6.404765 20.398299 -1.307 -166.148 53.995 5.000e+07 1
47 5.539466 -9.921264 20.729677 324.331 43.716 -111.158 5.000e+07 1
48 5.874599 -10.032581 20.996046 189.548 1.458 89.878 5.000e+07 1
49 8.425764 -7.374669 22.315559 -63.451 105.049 -18.178 5.000e+07 1
50 9.585889 -7.795556 17.286105 -118.948 96.065 144.538 5.000e+07 1
51 5.897376 5.944574 23.867037 -29.422 27.444 80.478 5.000e+07 1
52 10.519630 -9.408092 18.387389 26.080 216.367 98.296 5.000e+07 1
53 6.734144 -8.537172 25.126176 -79.577 30.877 1.552 5.000e+07 1
54 8.054542 -7.872301 20.181092 -73.625 312.727 -30.184 5.000e+07 1
55 3.969351 -12.555821 21.120199 -73.754 -8.970 127.097 5.000e+07 1
56 4.775641 -8.036782 20.798809 -73.066 -94.165 241.938 5.000e+07 1
57 6.928187 -10.820872 21.695269 -176.323 -26.044 -121.966 5.000e+07 1
58 0.055197 -14.340911 17.082787 117.592 54.788 59.205 5.000e+07 1
59 2.328715 -8.875158 19.534153 -51.862 59.062 -48.213 5.000e+07 1
60 7.180765 -10.324871 20.794493 53.539 207.493 143.002 5.000e+07 1
61 4.587444 -10.357697 20.216552 -42.588 -159.641 60.996 5.000e+07 1
62 3.580475 -12.075934 17.813352 -59.874 -179.923 -51.792 5.000e+07 1
63 4.557475 -6.343472 23.392830 -77.169 -10.479 -103.624 5.000e+07 1
64 5.470622 -10.259151 21.684258 -138.395 -225.040 -30.291 5.000e+07 1
65 1.771722 -11.408538 18.023521 57.616 -133.292 73.018 5.000e+07 1
66 3.048726 -11.468984 21.402078 93.149 -152.999 -84.344 5.000e+07 1
67 11.144708 -7.408835 20.714483 -76.166 70.472 37.610 5.000e+07 1
68 5.049608 -6.080870 19.158927 -38.012 19.470 -12.801 5.000e+07 1
69 17.045424 -8.054399 20.564131 10.337 58.987 0.583 5.000e+07 1
70 9.373436 -13.753811 25.598272 -9.750 -10.605 37.285 5.000e+07 1
71 3.210052 -11.139895 20.359949 25.671 -52.574 -13.681 5.000e+07 1
72 0.330945 -8.369408 22.071276 -120.653 -170.787 62.037 5.000e+07 1
73 1.663909 -33.737069 -2.498667 17.742 111.682 177.967 5.000e+07 1
74 16.081508 -1.491938 14.719537 -189.341 -223.051 82.991 5.000e+07 1
75 2.667887 -10.220777 20.920329 174.489 -147.807 -18.265 5.000e+07 1
76 5.355073 -10.075052 21.188761 82.335 -208.152 130.125 5.000e+07 1
77 6.927295 -13.673602 20.062922 223.066 -40.735 -37.987 5.000e+07 1
78 5.704536 -6.487671 20.373648 -132.061 -218.351 238.387 5.000e+07 1
79 4.310249 -8.353591 21.965153 22.695 -112.393 228.159 5.000e+07 1
80 5.832129 -11.065777 20.835180 5.489 10.363 14.413 5.000e+07 1
81 5.325140 -9.125548 21.707719 8.746 135.765 83.068 5.000e+07 1
82 2.259543 -11.445764 21.619525 73.931 -23.759 12.720 5.000e+07 1
83 38.597696 20.265022 42.483527 178.177 137.376 104.949 5.000e+07 1
84 4.704843 -8.632766 19.937713 -63.043 -122.151 131.789 5.000e+07 1
85 5.017351 -10.358134 20.313046 157.971 -53.468 4.657 5.000e+07 1
86 6.592366 -10.301191 20.387451 255.658 90.062 -65.640 5.000e+07 1
87 8.542596 -10.375088 18.629632 -54.298 71.624 -2.221 5.000e+07 1
88 5.930033 -8.507508 21.787107 14.656 198.772 162.965 5.000e+07 1
89 5.006367 -9.888961 20.389618 100.320 12.768 147.779 5.000e+07 1
90 11.781577 -1.215102 12.463667 42.720 38.641 -6.696 5.000e+07 1
91 7.700673 -17.318373 22.063104 60.263 160.151 6.598 5.000e+07 1
92 5.951635 -10.145386 20.872699 -204.154 79.885 -170.402 5.000e+07 1
93 8.891636 -10.088643 21.657638 -87.490 97.575 9.486 5.000e+07 1
94 5.512671 -9.590216 20.997067 -190.288 249.640 -40.919 5.000e+07 1
95 5.343147 -11.132111 20.166251 -73.838 -33.992 99.524 5.000e+07 1
96 5.848193 -8.979558 20.808232 -125.311 -51.708 316.206 5.000e+07 1
97 1.000760 -11.361935 19.158534 13.707 37.453 113.468 5.000e+07 1
98 12.950538 -7.772712 25.398728 -87.303 -0.610 55.937 5.000e+07 1
99 6.533116 -8.828458 20.601812 -55.646 57.245 -177.931 5.000e+07 1
100 5.342064 -16.493083 21.981829 35.143 -33.891 56.788 5.000e+07 1
101 6.286610 -13.163014 20.589067 117.000 73.369 32.866 5.000e+07 1
102 6.266268 -9.898057 20.606456 336.893 146.226 141.138 5.000e+07 1
103 5.356816 -9.856250 19.400312 -79.775 -121.228 211.579 5.000e+07 1
104 14.724677 -7.765662 19.872650 -80.068 -25.377 -26.682 5.000e+07 1
105 5.712202 -10.111802 19.371876 -130.722 -163.464 -71.774 5.000e+07 1
106 0.336242 -3.810801 19.452491 -84.617 -79.872 42.443 5.000e+07 1
107 6.413304 -9.292100 21.129609 -92.938 40.221 35.446 5.000e+07 1
108 6.360056 -12.479899 20.231227 54.717 -97.996 59.944 5.000e+07 1
109 5.726666 -10.789636 20.410191 126.006 145.906 -60.575 5.000e+07 1
110 6.553057 -11.586185 20.674290 62.993 256.277 38.235 5.000e+07 1
111 8.211087 -13.209752 28.100340 63.658 -84.934 9.838 5.000e+07 1
112 8.705100 -10.541532 25.263140 108.799 119.121 -86.989 5.000e+07 1
113 4.102318 -9.667987 21.260798 193.478 -169.036 52.750 5.000e+07 1
114 4.507607 -7.705496 20.561990 -303.119 -54.323 -16.547 5.000e+07 1
115 3.687768 -4.057546 21.388773 -88.658 37.895 31.169 5.000e+07 1
116 6.569599 -10.203820 21.054559 -27.321 183.683 -42.230 5.000e+07 1
117 6.477259 -13.367466 21.253287 183.713 -139.401 -7.274 5.000e+07 1
118 5.331499 -9.768520 20.893630 -126.549 -13.921 119.739 5.000e+07 1
119 0.323091 -7.224089 22.836615 10.734 -206.749 -15.438 5.000e+07 1
120 6.627694 -8.014116 21.364511 30.176 180.861 86.632 5.000e+07 1
121 5.357855 -10.597321 19.659672 0.848 -69.536 -105.120 5.000e+07 1
122 4.115833 -13.530767 26.342993 45.823 -26.715 -77.179 5.000e+07 1
123 -8.465279 -19.766517 14.010808 -17.717 6.475 13.281 5.000e+07 1
124 6.696152 -12.046234 18.836109 -53.477 -17.622 -39.085 5.000e+07 1
125 5.651540 -12.345905 19.227231 -116.477 134.886 156.423 5.000e+07 1
126 5.675693 -9.695461 20.801840 -64.397 149.783 -54.978 5.000e+07 1
127 4.957315 -10.047531 20.435696 -71.674 -104.751 29.488 5.000e+07 1
128 7.973552 -3.104338 19.768727 -83.970 -76.628 115.529 5.000e+07 1
129 4.012244 -11.764704 23.048647 32.676 -190.988 -75.979 5.000e+07 1
130 3.984378 -10.718309 20.932019 237.920 10.695 -8.659 5.000e+07 1
131 6.333212 -10.862565 20.836821 184.982 -13.257 46.715 5.000e+07 1
132 7.017658 -9.734431 21.557635 3.733 38.415 -124.120 5.000e+07 1
133 4.984058 -12.708622 19.372575 87.279 70.608 44.730 5.000e+07 1
134 4.444821 -12.471430 22.034146 180.955 -121.983 25.899 5.000e+07 1
135 6.979206 -8.289288 20.922672 88.005 113.586 -51.451 5.000e+07 1
136 11.643249 -18.627540 24.193616 143.825 -38.669 -16.727 5.000e+07 1
137 10.719785 -21.761806 18.715953 -62.162 139.382 -8.075 5.000e+07 1
138 6.105563 -6.004551 21.202670 24.186 185.381 248.280 5.000e+07 1
139 -2.152836 -2.371608 21.682372 -43.200 53.924 104.098 5.000e+07 1
140 4.460063 -11.319428 20.333716 -54.652 104.657 114.046 5.000e+07 1
141 2.522946 -4.285720 19.752173 -118.912 70.363 -25.337 5.000e+07 1
142 2.615407 -10.948743 19.227314 125.980 -213.605 40.782 5.000e+07 1
143 13.676796 -5.573750 21.083780 -104.490 53.869 61.434 5.000e+07 1
144 5.378610 -7.622534 17.639856 10.337 -20.124 181.507 5.000e+07 1
145 5.321346 -11.157143 20.419458 209.194 -95.648 15.129 5.000e+07 1
146 10.237401 -8.289467 18.964196 -234.930 90.919 -41.715 5.000e+07 1
147 -0.048175 -9.754056 21.597890 74.785 -228.889 36.038 5.000e+07 1
148 5.879898 -10.894943 19.844160 -103.768 125.608 106.739 5.000e+07 1
149 4.821626 -7.347998 18.574545 -34.153 65.230 -63.493 5.000e+07 1
150 6.366385 -10.240758 20.827916 138.378 134.385 77.951 5.000e+07 1
151 5.201517 -10.988715 19.718879 14.728 111.816 47.280 5.000e+07 1
152 328.232198 53.719273 -49.311193 -83.562 -15.380 26.145 5.000e+07 1
153 5.179749 -10.163827 20.928539 -55.418 36.733 -8.310 5.000e+07 1
154 6.992490 -10.527035 19.655616 19.237 361.946 -3.254 5.000e+07 1
155 6.010610 -11.710265 20.071687 253.211 138.409 63.051 5.000e+07 1
156 6.846990 -13.596959 21.011039 17.843 30.949 -157.421 5.000e+07 1
157 5.051155 -4.763188 18.282405 -101.460 37.253 -15.318 5.000e+07 1
158 5.766255 -8.540403 21.441436 -167.497 23.244 42.895 5.000e+07 1
159 5.109221 -11.008592 21.499990 234.989 -39.869 164.756 5.000e+07 1
160 2.681919 -11.930339 22.577369 -70.696 -138.788 -12.661 5.000e+07 1
161 5.980962 -10.504690 21.108494 -161.918 109.168 32.558 5.000e+07 1
162 8.212712 -8.307031 20.400246 -132.928 -38.256 104.978 5.000e+07 1
163 5.307207 -8.654317 21.370219 -51.307 -189.010 -90.463 5.000e+07 1
164 8.990534 -2.899615 15.307112 -36.147 -112.481 39.123 5.000e+07 1
165 5.862002 -11.288029 22.551760 30.180 101.799 51.303 5.000e+07 1
166 5.676469 -10.564681 20.956219 189.904 124.104 -17.829 5.000e+07 1
167 2.191961 -12.869118 19.855929 115.845 -63.233 -66.408 5.000e+07 1
168 5.200725 -9.028895 20.822206 -141.484 -30.529 63.756 5.000e+07 1
169 6.656938 -9.742373 20.584890 232.414 -84.800 -74.202 5.000e+07 1
170 2.865268 -6.671684 23.580122 -62.850 -9.133 73.932 5.000e+07 1
171 0.710125 -7.636149 14.180509 -82.757 70.891 -26.245 5.000e+07 1
172 5.260550 -11.338076 20.830876 194.712 56.831 45.455 5.000e+07 1
173 10.145760 -11.980728 15.697681 72.841 117.494 -145.028 5.000e+07 1
174 -3.275149 -15.455965 12.974244 49.491 -7.627 20.520 5.000e+07 1
175 5.504170 -10.082732 21.017994 140.916 115.996 152.310 5.000e+07 1
176 5.827061 -8.658759 20.954777 -142.934 -78.820 -40.582 5.000e+07 1
177 5.185807 -9.703385 20.108841 -81.800 -73.824 -54.787 5.000e+07 1
178 9.560980 -10.531874 20.711691 167.198 63.271 -49.810 5.000e+07 1
179 6.750052 -13.019279 18.506129 138.352 51.191 -32.511 5.000e+07 1
180 4.773299 -10.559683 20.380141 112.053 -165.773 -103.529 5.000e+07 1
181 6.499817 -18.646714 21.005679 207.576 43.138 100.689 5.000e+07 1
182 4.896897 -10.817682 19.847800 66.537 167.463 -141.900 5.000e+07 1
183 8.903013 -13.512023 21.051142 206.453 -199.479 -201.841 5.000e+07 1
184 5.928210 -8.810293 21.174354 -99.728 162.718 167.061 5.000e+07 1
185 4.244978 -9.190112 20.630256 -58.306 12.603 -257.973 5.000e+07 1
186 6.342641 -13.653335 20.961043 66.870 -3.580 8.929 5.000e+07 1
187 5.365164 -10.580246 20.245663 21.465 43.052 -49.279 5.000e+07 1
188 5.751652 -8.530637 20.491690 148.384 -178.654 -18.895 5.000e+07 1
189 4.193966 -12.318998 20.837805 286.207 123.576 118.090 5.000e+07 1
190 1.604404 -11.157522 20.281100 81.775 -94.583 -77.540 5.000e+07 1
191 2.710962 -4.101443 20.270903 -50.547 -95.556 112.563 5.000e+07 1
192 7.157533 -6.602251 17.615623 108.798 74.183 -72.479 5.000e+07 1
193 6.060943 -12.188063 22.431117 111.901 -2.385 147.050 5.000e+07 1
194 6.608551 -9.315529 20.452607 -56.459 97.258 303.178 5.000e+07 1
195 7.901310 -11.822833 21.283815 97.131 114.863 130.377 5.000e+07 1
196 6.607993 -7.864822 19.737433 50.751 64.551 -118.336 5.000e+07 1
197 5.069217 -12.610885 21.118678 -42.411 -40.684 -8.628 5.000e+07 1
198 5.203450 -10.027215 20.836818 -133.693 24.342 -75.723 5.000e+07 1
199 4.666586 -10.235131 20.591232 -137.605 -48.005 105.287 5.000e+07 1
200 5.739080 -9.931223 20.967711 -71.450 0.868 -43.580 6.250e+07 2
201 5.524471 -10.594325 18.608375 274.202 5.124 -57.092 6.250e+07 2
202 4.822300 -7.849663 20.574119 -71.930 -170.209 -44.015 6.250e+07 2
203 2.164060 -12.756991 22.137792 84.030 -249.930 61.759 6.250e+07 2
204 8.655203 0.946248 21.560712 -179.859 -49.267 -14.703 6.250e+07 2
205 12.232125 -8.554424 22.477221 -20.504 218.722 55.125 6.250e+07 2
206 13.729903 -9.305582 19.342186 54.348 162.007 -8.474 6.250e+07 2
207 7.035454 -10.227790 21.023509 117.159 -67.346 -87.856 6.250e+07 2
208 -0.291757 -11.343770 19.874681 90.483 -248.029 79.192 6.250e+07 2
209 6.855760 -8.644163 20.678360 -251.524 32.699 -6.387 6.250e+07 2
210 4.624252 -9.154873 20.091516 -168.752 -225.235 201.446 6.250e+07 2
211 4.539973 -11.032551 20.793255 18.934 -222.342 238.169 6.250e+07 2
212 11.416397 -14.242646 19.294873 104.436 34.810 -26.057 6.250e+07 2
213 5.964054 -10.782912 21.084027 227.193 -79.477 76.448 6.250e+07 2
214 6.100547 -7.789949 21.376113 -65.942 -195.561 43.219 6.250e+07 2
215 0.874400 -11.040449 20.939028 189.715 -214.676 -6.514 6.250e+07 2
216 9.356089 -5.104761 22.544189 -57.517 22.934 17.024 6.250e+07 2
217 3.882727 -10.355150 20.628216 297.490 -11.113 9.013 6.250e+07 2
218 5.921352 -10.161465 20.616868 43.784 91.319 -171.628 6.250e+07 2
219 8.066052 -8.068963 20.483448 -2.088 113.120 -12.826 6.250e+07 2
220 7.672929 -10.821731 19.899953 209.790 168.175 -36.338 6.250e+07 2
221 3.106416 -10.170245 19.499315 -181.793 -177.664 36.970 6.250e+07 2
222 4.460656 -8.735711 20.785734 -272.631 -172.236 144.001 6.250e+07 2
223 5.430638 -11.945427 21.044928 -14.903 -202.246 107.195 6.250e+07 2
224 -2.996862 -12.168501 20.336154 28.571 -117.822 43.531 6.250e+07 2
225 3.647831 -7.110128 20.161263 -240.512 -9.509 -42.844 6.250e+07 2
226 2.938297 -8.617202 20.515087 -61.165 -122.112 -31.151 6.250e+07 2
227 8.205362 -19.731496 18.851397 105.774 103.538 39.455 6.250e+07 2
228 4.442945 -15.806178 21.243905 272.848 -56.449 5.889 6.250e+07 2
229 8.172935 -4.717983 20.026819 -149.260 19.130 28.890 6.250e+07 2
230 6.253366 -13.026805 19.623719 145.255 -134.143 -71.868 6.250e+07 2
231 5.999531 -14.064492 17.911501 76.919 -37.282 -47.877 6.250e+07 2
232 6.389234 -9.931304 20.832858 169.126 55.821 -109.719 6.250e+07 2
233 4.823111 -8.513238 18.552687 -4.161 -54.879 35.361 6.250e+07 2
234 5.177140 -9.875830 20.990153 -141.150 165.672 -103.988 6.250e+07 2
235 -934.281532 666.785309 71.827490 -891.260 636.025 69.000 6.250e+07 2
236 7.711512 -7.022172 20.439104 -70.418 -6.779 29.366 6.250e+07 2
237 5.783333 -10.832266 21.287053 213.659 -260.659 -0.869 6.250e+07 2
238 5.964230 -6.478922 19.180684 -209.309 -79.740 -9.924 6.250e+07 2
239 12.918473 -7.901688 23.157342 -50.716 22.922 3.203 6.250e+07 2
240 10.131554 -8.698291 21.047283 29.053 134.738 27.636 6.250e+07 2
241 4.879609 -7.680342 19.253702 -61.520 12.660 -116.792 6.250e+07 2
242 7.404106 -6.331560 21.300804 -90.566 144.770 -69.756 6.250e+07 2
243 4.352442 -8.454023 21.321538 -149.285 92.118 52.177 6.250e+07 2
244 5.499502 -12.364613 21.268981 309.164 29.867 -94.800 6.250e+07 2
245 3.895727 -6.940218 19.959900 0.573 -126.110 -90.669 6.250e+07 2
246 -1187.972496 -809.091966 -34.363643 -1143.313 -778.847 -32.869 6.250e+07 2
247 -659.644107 586.737892 -56.055321 -619.362 550.513 -51.913 6.250e+07 2
248 6.704067 -9.776996 20.011910 -76.086 77.617 -160.737 6.250e+07 2
249 5.320722 -10.831053 21.017455 -14.447 123.918 -248.432 6.250e+07 2
250 7.874081 -9.649208 21.041452 139.767 -12.940 -91.404 6.250e+07 2
251 4.394229 -11.542799 21.387581 213.910 -60.556 70.087 6.250e+07 2
252 6.544299 -11.204444 21.510223 -64.264 -37.095 80.557 6.250e+07 2
253 6.626317 -6.717893 21.247298 -118.517 45.596 -122.986 6.250e+07 2
254 6.406412 -13.313419 20.031339 189.783 73.694 -65.842 6.250e+07 2
255 5.187797 -10.518203 21.665189 -55.332 -117.700 -71.569 6.250e+07 2
256 7.155174 -9.061563 21.260607 -91.939 -119.460 -131.566 6.250e+07 2
257 4.945439 -11.359370 20.711436 277.825 -23.077 -192.594 6.250e+07 2
258 5.717022 -8.070728 20.455535 -178.697 -188.288 -75.579 6.250e+07 2
259 2.627857 -10.316695 19.558443 71.621 -365.698 -66.883 6.250e+07 2
260 7.289304 -9.823503 20.915357 44.616 65.893 47.479 6.250e+07 2
261 7.201465 -7.146296 20.989090 -126.850 73.410 -73.918 6.250e+07 2
262 6.273064 -10.804786 20.825622 58.493 151.606 -115.354 6.250e+07 2
263 5.144894 -16.625173 21.346910 135.245 140.921 21.373 6.250e+07 2
264 7.687584 -7.796516 20.664522 -196.338 22.960 121.871 6.250e+07 2
265 5.077423 -10.107500 21.886563 217.616 -129.722 143.972 6.250e+07 2
266 6.081680 -10.219727 20.021053 -111.750 -45.913 -19.635 6.250e+07 2
267 7.177441 -9.970071 21.559882 -80.740 250.772 -18.770 6.250e+07 2
268 5.333187 -12.375904 20.088814 26.020 133.901 -26.260 6.250e+07 2
269 5.234791 -11.755938 20.404381 117.203 0.950 2.714 6.250e+07 2
270 12.543511 -14.944938 24.510018 104.490 -24.171 61.596 6.250e+07 2
271 6.034984 -10.243193 20.775424 269.522 -247.453 22.107 6.250e+07 2
272 4.804125 -8.784600 20.418857 -170.838 -235.134 28.887 6.250e+07 2
273 13.822995 0.130170 22.470452 -69.684 112.864 26.814 6.250e+07 2
274 0.629531 -4.300877 19.839300 -42.969 -249.474 -22.443 6.250e+07 2
275 3.326474 -13.809417 20.114693 -43.399 -95.970 -62.692 6.250e+07 2
276 3.429504 -12.716634 19.523302 150.610 -3.299 86.903 6.250e+07 2
277 10.832417 -6.449742 16.856461 -87.196 -85.570 135.560 6.250e+07 2
278 5.031460 -10.180831 19.782194 6.520 -165.982 70.984 6.250e+07 2
279 6.177554 -10.104817 21.309361 259.910 -48.952 17.351 6.250e+07 2
280 4.634744 -10.009138 20.585358 12.893 -304.986 33.331 6.250e+07 2
281 4.253513 -8.992456 22.849312 -26.193 66.891 15.183 6.250e+07 2
282 2.017467 -6.157867 20.211248 -53.069 -109.324 19.006 6.250e+07 2
283 9.209443 -8.626696 20.118999 -138.373 28.193 72.770 6.250e+07 2
284 4.528112 -9.946413 19.824097 151.042 -164.886 195.611 6.250e+07 2
285 4.891723 -9.336115 20.689947 142.343 54.956 -61.760 6.250e+07 2
286 6.348805 -9.586356 20.748945 -200.448 -121.614 -60.447 6.250e+07 2
287 7.663984 -9.817571 20.715813 -66.515 173.273 -27.911 6.250e+07 2
288 6.100918 -11.138171 19.307628 119.534 297.341 -85.153 6.250e+07 2
289 6.498476 -9.803849 20.533028 62.040 313.617 174.966 6.250e+07 2
290 5.596522 -9.545990 20.667585 67.655 9.527 -73.248 6.250e+07 2
291 6.084921 -8.572759 20.678759 -184.734 85.945 -154.093 6.250e+07 2
292 8.896950 645.807335 -46.316634 8.042 585.920 -40.885 6.250e+07 2
293 9.752040 -6.203713 19.971989 -125.445 33.778 47.451 6.250e+07 2
294 11.899939 1088.838481 -36.987876 11.815 1035.489 -35.360 6.250e+07 2
295 7.471399 -7.375128 19.749343 -80.004 83.632 58.169 6.250e+07 2
296 6.817662 -13.383332 21.116542 187.463 147.493 39.805 6.250e+07 2
297 -35.563667 -590.855822 -71.573109 -31.012 -527.607 -62.317 6.250e+07 2
298 6.569689 -9.620592 20.284639 94.213 -262.243 31.822 6.250e+07 2
299 13.403289 -12.094268 21.293873 17.450 58.048 -48.997 6.250e+07 2
300 4.909217 -11.785438 20.371614 288.960 79.012 -4.538 6.250e+07 2
301 2.975304 -14.637197 22.462417 145.474 -93.544 65.872 6.250e+07 2
302 9.004367 -11.539332 21.474246 165.182 160.617 67.677 6.250e+07 2
303 17.500511 -12.580851 20.533735 -93.125 135.971 29.069 6.250e+07 2
304 7.178267 -9.909643 20.958013 -126.082 314.262 -1.369 6.250e+07 2
305 8.894505 -8.381056 20.127442 -207.467 59.161 -22.245 6.250e+07 2
306 5.841356 -10.059631 21.172775 25.130 245.142 48.911 6.250e+07 2
307 -3.447764 -11.665206 23.552392 -58.282 -135.735 46.626 6.250e+07 2
308 7.927083 -9.976510 19.143590 37.207 168.154 -18.080 6.250e+07 2
309 -1.718671 3.253673 25.716296 -8.378 -145.759 -31.517 6.250e+07 2
310 4.345313 -9.366591 21.260672 -199.537 -292.332 13.802 6.250e+07 2
311 5.681360 -9.421932 20.833366 309.710 -197.100 -32.543 6.250e+07 2
312 8.376908 -7.416106 20.652948 -114.755 221.313 -34.508 6.250e+07 2
313 6.558514 -12.649315 19.681303 39.641 -58.634 -98.814 6.250e+07 2
314 6.586012 -12.089427 20.452275 63.428 25.579 71.881 6.250e+07 2
315 0.621334 -3.942592 19.701972 -63.087 -121.199 70.131 6.250e+07 2
316 5.963437 -10.551467 19.083576 39.834 51.439 28.596 6.250e+07 2
317 7.438448 -24.317031 19.628528 78.759 29.766 0.948 6.250e+07 2
318 4.689225 -10.643026 22.463967 231.954 -56.441 70.209 6.250e+07 2
319 -4.565542 -28.569335 18.660703 38.246 -66.869 17.212 6.250e+07 2
320 7.489661 -10.322103 21.606578 -52.574 92.715 143.931 6.250e+07 2
321 5.334693 -7.139382 17.210150 -2.811 84.652 -91.852 6.250e+07 2
322 1.205194 -8.155709 20.508009 21.523 -167.084 -4.346 6.250e+07 2
323 5.536450 -9.551685 20.328362 108.152 27.097 55.354 6.250e+07 2
324 3.880558 -11.242827 21.819397 164.212 -24.196 104.392 6.250e+07 2
325 3.276758 -5.147486 18.860572 -119.557 60.232 9.482 6.250e+07 2
326 -3.723556 -4.315148 22.658748 45.884 -140.582 36.233 6.250e+07 2
327 0.111811 -14.051557 18.964634 78.106 -76.499 92.297 6.250e+07 2
328 6.984241 -7.909576 21.714891 -78.785 -172.528 -161.806 6.250e+07 2
329 5.397996 -8.776806 20.317517 28.087 102.714 4.635 6.250e+07 2
330 10.277708 -9.000905 20.601879 -156.401 -42.099 57.177 6.250e+07 2
331 5.895881 -9.262658 20.511988 53.008 35.259 116.677 6.250e+07 2
332 6.195312 -9.284107 21.016567 -100.037 -103.057 157.710 6.250e+07 2
333 13.317288 -14.631178 20.955366 97.031 123.317 28.425 6.250e+07 2
334 4.509216 -8.220756 20.017026 70.957 -190.521 -33.939 6.250e+07 2
335 0.711977 -8.745013 21.501588 -102.692 59.044 -37.740 6.250e+07 2
336 5.226112 -10.655997 20.782665 -223.571 204.278 90.777 6.250e+07 2
337 9.809008 -4.278564 19.742609 -44.543 158.058 32.537 6.250e+07 2
338 10.219295 -8.932060 22.032651 -9.172 31.400 -4.348 6.250e+07 2
339 4.439569 -10.836466 20.653629 150.314 -211.670 137.587 6.250e+07 2
340 5.822571 -12.674360 20.072486 256.379 214.699 84.082 6.250e+07 2
341 1.282703 -10.603370 19.151389 86.571 63.683 80.350 6.250e+07 2
342 5.076476 -10.634264 19.944081 25.979 34.044 -10.125 6.250e+07 2
343 5.197285 -9.378833 20.671236 -46.057 130.166 7.187 6.250e+07 2
344 0.831323 -11.331832 21.047480 6.285 -69.603 18.923 6.250e+07 2
345 4.547472 -9.315675 19.600496 -71.616 -45.547 127.357 6.250e+07 2
346 4.741516 -11.160918 19.352018 311.774 -9.591 25.485 6.250e+07 2
347 0.423916 -13.066139 20.302357 144.754 -162.639 72.819 6.250e+07 2
348 6.422218 -11.785473 22.097440 206.862 32.598 -63.529 6.250e+07 2
349 6.239094 -9.353898 20.369382 48.210 69.853 95.663 6.250e+07 2
350 2.891292 -17.768447 22.397875 150.616 -72.731 60.677 6.250e+07 2
351 -135.466981 91.771294 -21.114694 -34.442 16.702 7.946 6.250e+07 2
352 5.834183 -10.390014 20.568942 64.820 -197.377 81.809 6.250e+07 2
353 -0.182798 -10.048833 21.316607 174.251 -135.915 31.128 6.250e+07 2
354 5.216954 -5.321248 20.821173 -162.063 -40.139 -32.705 6.250e+07 2
355 -0.624931 -10.871887 20.090869 -41.743 -128.713 2.197 6.250e+07 2
356 7.360594 -8.919631 20.960020 60.944 284.803 152.958 6.250e+07 2
357 7.206440 -10.477599 21.391704 158.058 43.293 -176.380 6.250e+07 2
358 5.361413 -16.285310 19.967476 142.237 -91.218 -1.510 6.250e+07 2
359 5.251400 -10.348516 20.887392 -108.974 -89.507 129.317 6.250e+07 2
360 -1.261878 -6.030095 16.231275 -109.428 -16.110 -86.022 6.250e+07 2
361 4.057039 -12.701397 20.967228 49.968 -103.118 22.932 6.250e+07 2
362 1.524106 -28.200576 23.510769 133.883 56.350 11.931 6.250e+07 2
363 4.003901 -7.119438 21.855508 -46.480 -65.222 -0.600 6.250e+07 2
364 1.268750 -10.790289 19.371253 75.712 -200.103 2.500 6.250e+07 2
365 9.544207 -16.000233 21.491977 60.529 141.923 40.666 6.250e+07 2
366 4.759541 -9.550836 20.666846 64.699 -130.388 89.755 6.250e+07 2
367 6.726906 -9.790220 19.801047 -35.088 23.875 19.769 6.250e+07 2
368 6.486719 -11.839109 19.158615 63.889 -6.004 239.463 6.250e+07 2
369 7.504083 -10.359398 21.642595 -185.495 125.523 19.607 6.250e+07 2
370 7.076417 -7.288895 20.856210 5.035 17.906 135.717 6.250e+07 2
371 7.942085 -3.935293 19.527150 -118.993 53.993 53.132 6.250e+07 2
372 2.140075 -4.579643 20.533956 -128.374 -180.199 -82.671 6.250e+07 2
373 4.356118 -10.393214 19.839255 -186.725 -272.594 -17.000 6.250e+07 2
374 -10.428920 -1.229424 23.269680 -18.624 -75.172 18.624 6.250e+07 2
375 7.547837 -10.143258 20.412248 -100.956 -60.342 68.051 6.250e+07 2
376 5.091779 -15.011568 20.954258 127.064 -168.219 17.488 6.250e+07 2
377 9.932346 -9.948594 22.078986 -35.479 151.639 59.245 6.250e+07 2
378 14.607113 -11.569962 21.850652 172.230 164.847 -38.318 6.250e+07 2
379 8.528881 -7.346427 20.956575 -86.891 207.301 61.310 6.250e+07 2
380 7.219108 -9.682553 21.031055 -100.287 241.227 -7.163 6.250e+07 2
381 4.313403 -9.931177 21.161176 24.818 -392.379 66.735 6.250e+07 2
382 5.694650 -9.557899 20.685173 20.236 -194.008 128.965 6.250e+07 2
383 6.114408 -9.579192 21.103633 -7.297 -221.847 -41.481 6.250e+07 2
384 6.848980 -9.961785 21.075439 -51.479 -18.432 56.423 6.250e+07 2
385 8.665484 -14.229849 23.206258 215.778 166.534 -19.259 6.250e+07 2
386 9.950502 -13.190758 22.134463 186.487 148.019 -20.337 6.250e+07 2
387 4.708765 -10.761161 21.738047 -73.576 -55.728 159.396 6.250e+07 2
388 6.429027 -9.216649 20.355569 -163.957 144.481 -86.105 6.250e+07 2
389 5.654686 -9.747187 20.769600 -29.027 190.634 -64.464 6.250e+07 2
390 4.825234 -9.899488 20.631512 220.031 91.327 -18.966 6.250e+07 2
391 9.210489 -7.624058 21.131817 -146.891 214.389 21.996 6.250e+07 2
392 11.094341 -11.335934 22.438430 142.698 137.882 159.122 6.250e+07 2
393 6.031205 -7.199336 21.221665 -201.505 -144.404 -51.312 6.250e+07 2
394 5.966796 -8.292031 21.424412 -198.913 -112.415 124.479 6.250e+07 2
395 8.032374 -6.564068 21.681324 -149.895 -38.045 -67.648 6.250e+07 2
396 5.796888 -11.538614 19.741428 160.786 210.086 -49.979 6.250e+07 2
397 1.919545 -7.216959 20.733881 -120.795 -121.622 34.404 6.250e+07 2
398 7.239074 -6.717564 20.275373 -204.966 45.415 28.722 6.250e+07 2
399 -0.500851 -15.386823 20.480805 191.554 -34.708 46.568 6.250e+07 2
400 5.273571 -17.437591 19.668396 107.802 -82.077 24.129 6.250e+07 2
401 1.788990 -9.416589 20.089797 -47.553 -349.402 65.272 6.250e+07 2
402 6.598811 -9.089700 19.987359 119.913 2.122 10.764 6.250e+07 2
403 7.401461 -13.929672 19.644769 203.867 47.257 98.708 6.250e+07 2
404 6.412910 -10.719589 20.045218 -170.993 263.055 106.057 6.250e+07 2
405 13.106965 -5.544289 20.629877 -160.917 192.600 73.249 6.250e+07 2
406 14.450396 -5.474983 20.899010 88.483 144.425 -1.081 6.250e+07 2
407 0.061288 -10.025866 21.443839 -80.443 -142.291 5.936 6.250e+07 2
408 9.662349 -7.583555 20.060403 -63.498 170.702 83.341 6.250e+07 2
409 6.670761 -10.081524 20.749105 -34.400 47.133 180.612 6.250e+07 2
410 6.810702 -14.518080 20.943738 131.548 -35.929 -76.591 6.250e+07 2
411 2.093571 -11.623614 23.543004 -61.743 -48.067 100.532 6.250e+07 2
412 3.708979 -8.659766 20.451361 -45.209 -183.169 -93.130 6.250e+07 2
413 6.517801 -11.038077 21.144417 408.477 -36.374 -136.434 6.250e+07 2
414 9.347528 -10.071504 19.594707 -141.425 72.892 81.120 6.250e+07 2
415 7.592990 -8.179803 21.813446 -122.157 -65.067 -51.565 6.250e+07 2
416 26.034101 -6.690282 22.026227 1.574 99.656 15.538 6.250e+07 2
417 53.989187 -1001.790111 87.284340 51.343 -948.239 83.351 6.250e+07 2
418 1.738580 -9.840821 17.711797 -145.190 -42.439 -152.451 6.250e+07 2
419 5.734290 -7.738462 19.788302 -139.756 -170.499 167.838 6.250e+07 2
420 7.466530 -8.756106 19.867925 -93.367 -94.028 -26.221 6.250e+07 2
421 5.034026 -8.638602 20.553556 95.116 -115.092 -115.196 6.250e+07 2
422 2.417590 -3.278635 19.114060 -65.391 -158.395 91.837 6.250e+07 2
423 -7.583434 -24.097426 19.558957 25.103 -125.899 23.888 6.250e+07 2
424 7.872113 -7.761030 24.330936 -84.921 61.061 5.787 6.250e+07 2
425 5.841675 -11.502849 20.866469 85.935 64.331 -6.506 6.250e+07 2
426 7.011188 -9.994399 20.858040 7.941 -7.871 15.750 6.250e+07 2
427 6.851900 -11.318909 20.719184 131.503 188.084 63.531 6.250e+07 2
428 11.529082 -8.248176 16.011386 -12.213 59.034 13.092 6.250e+07 2
429 8.883064 -16.495522 21.646412 203.599 -51.205 85.115 6.250e+07 2
430 4.130422 -9.555231 20.797320 -179.706 -175.601 29.816 6.250e+07 2
431 5.734512 -9.777188 20.767850 0.963 -122.354 195.350 6.250e+07 2
432 5.294909 -9.583875 20.456417 71.727 -183.937 8.650 6.250e+07 2
433 4.752390 -9.398952 21.175945 170.771 -137.717 -22.481 6.250e+07 2
434 -11.583745 -1.627650 15.491171 -94.393 -55.340 -14.517 6.250e+07 2
435 5.322805 -10.945286 20.268547 68.116 -89.755 91.501 6.250e+07 2
436 2.524419 -7.324420 20.191228 -132.620 -241.464 96.563 6.250e+07 2
437 8.165477 -11.416764 21.097676 154.032 115.907 -44.415 6.250e+07 2
438 4.652826 -19.300892 21.090862 200.707 70.931 -8.639 6.250e+07 2
439 8.045693 -11.781254 20.806110 125.886 183.582 25.404 6.250e+07 2
440 -6.489038 -10.062675 20.757541 173.735 -219.025 3.348 6.250e+07 2
441 10.344286 -7.332616 20.623543 -143.552 -91.415 -75.211 6.250e+07 2
442 5.187398 -9.808918 20.849400 9.302 101.925 197.961 6.250e+07 2
443 7.385234 -6.272020 20.840685 -207.469 -175.396 50.933 6.250e+07 2
444 6.218785 -8.393133 18.234715 60.056 53.247 -43.347 6.250e+07 2
445 1.111543 -8.627104 21.858071 -160.371 -170.195 -55.559 6.250e+07 2
446 2.828309 -9.578508 20.804031 255.932 -201.763 74.208 6.250e+07 2
447 5.399926 -7.378514 20.734451 -189.732 -43.087 -8.523 6.250e+07 2
448 10.494241 -11.799757 19.822787 4.825 243.193 79.963 6.250e+07 2
449 5.218853 -9.580602 20.562033 -76.541 -158.252 -73.945 6.250e+07 2
450 5.527037 -9.057724 19.593422 -152.201 27.956 61.507 6.250e+07 2
451 5.684873 -9.989372 22.013352 -141.821 45.455 98.942 6.250e+07 2
452 7.757581 -9.813850 20.929936 162.472 162.037 94.875 6.250e+07 2
453 0.513322 -23.354122 23.982662 74.084 -70.555 33.089 6.250e+07 2
454 6.267771 -9.977975 20.425001 74.441 -274.158 -101.291 6.250e+07 2
455 5.842227 -9.514651 20.397075 124.345 -39.719 -50.684 6.250e+07 2
456 -2.479817 -11.218617 25.863663 101.387 -59.629 -52.025 6.250e+07 2
457 4.922025 -10.776442 20.455994 -19.453 -14.950 150.564 6.250e+07 2
458 7.827614 -12.782774 20.733934 -33.515 286.575 66.541 6.250e+07 2
459 8.523413 -4.060690 20.407431 -134.028 -7.411 14.880 6.250e+07 2
460 4.543863 -10.295513 20.811744 -109.026 -164.006 3.224 6.250e+07 2
461 5.808173 -10.683241 20.748947 -246.839 -285.349 154.021 6.250e+07 2
462 5.868142 -9.734845 20.997908 4.604 44.574 -10.849 6.250e+07 2
463 5.195618 -9.489577 19.469188 -135.952 82.480 -32.865 6.250e+07 2
464 10.561327 -8.963013 20.872255 -93.435 200.375 -49.228 6.250e+07 2
465 6.024024 -8.783550 20.412033 -135.950 -108.867 243.488 6.250e+07 2
466 5.601504 -10.136305 20.860917 -172.128 -1.228 -230.680 6.250e+07 2
467 -19.761883 -13.329566 22.663732 -6.560 -84.602 37.716 6.250e+07 2
468 6.264255 -9.114359 20.791093 -124.537 136.304 143.880 6.250e+07 2
469 5.705814 -8.839018 21.359495 -74.871 -70.558 148.735 6.250e+07 2
470 10.753305 -28.059772 22.983362 34.267 153.189 -8.061 6.250e+07 2
471 7.450006 -10.285034 20.560583 -18.286 147.251 25.677 6.250e+07 2
472 -3.798138 -10.275531 21.799471 -5.150 -2.103 -22.576 6.250e+07 2
473 6.641432 -8.669153 21.061049 -135.184 -186.746 -82.578 6.250e+07 2
474 1.956685 -11.309772 19.457018 111.918 -282.174 36.638 6.250e+07 2
475 -13.201322 -0.013140 17.559009 -87.030 -47.287 -7.690 6.250e+07 2
476 -479.881488 -47.572669 98.390187 -410.593 -42.119 87.091 6.250e+07 2
477 8.701837 -11.926026 20.409638 30.834 134.883 18.799 6.250e+07 2
478 4.841181 -8.662992 18.420391 -110.453 6.408 -6.530 6.250e+07 2
479 9.801652 -21.151061 20.191972 153.447 15.538 2.759 6.250e+07 2
480 2.557474 -20.099679 21.876428 165.949 25.202 -9.007 6.250e+07 2
481 4.163926 -10.053177 19.907534 190.097 21.551 165.424 6.250e+07 2
482 7.154895 -9.032561 20.766616 80.868 61.659 42.098 6.250e+07 2
483 6.359712 -1.812404 23.577921 -107.140 -66.960 69.412 6.250e+07 2
484 -1.336940 -16.524078 24.523879 62.303 -4.177 -22.874 6.250e+07 2
485 4.178110 -10.396129 21.311045 132.199 -175.538 -58.689 6.250e+07 2
486 6.539024 -2.752450 20.494993 -150.059 39.287 -10.758 6.250e+07 2
487 -0.257005 -12.171884 18.313921 63.350 -34.624 94.922 6.250e+07 2
488 6.602709 -9.499198 20.134125 93.222 27.625 -48.696 6.250e+07 2
489 5.568568 -13.658682 18.833897 189.726 158.638 2.940 6.250e+07 2
490 8.427540 -11.959438 21.569607 91.993 178.542 23.433 6.250e+07 2
491 6.521279 -9.503400 19.770729 -118.334 -18.192 -20.320 6.250e+07 2
492 5.536801 -8.795514 21.085803 -271.669 54.095 -146.813 6.250e+07 2
493 5.510494 -8.093952 22.062779 -291.537 240.116 82.265 6.250e+07 2
494 9.903696 -10.374016 21.577583 114.557 156.109 4.056 6.250e+07 2
495 5.789195 -6.267717 18.635263 -102.122 -46.500 -39.781 6.250e+07 2
496 6.647137 -6.975359 22.945877 -37.017 37.777 105.355 6.250e+07 2
497 5.286991 -11.066684 20.123941 330.353 -21.026 52.667 6.250e+07 2
498 8.266746 -7.764701 19.992740 -54.334 302.933 45.072 6.250e+07 2
499 -7.218251 -8.291590 20.922721 -122.372 -71.548 44.999 6.250e+07 2
500 5.783629 -9.616240 20.821988 -177.283 212.492 112.969 6.250e+07 2
501 2.525104 -10.972762 20.304769 142.407 -162.186 74.577 6.250e+07 2
502 2.407152 -2.328404 20.365738 -26.866 -123.594 21.281 6.250e+07 2
503 5.651288 -10.103919 20.281898 129.419 -257.655 103.482 6.250e+07 2
504 6.445999 -8.576061 20.434430 -90.319 -68.749 105.756 6.250e+07 2
505 5.861594 -10.479219 20.955806 259.394 -25.199 -138.541 6.250e+07 2
506 1.686074 -26.171637 22.936133 104.893 65.940 -25.625 6.250e+07 2
507 6.537635 -10.768690 19.709659 -62.318 211.511 179.480 6.250e+07 2
508 -2.439484 -1.624503 23.654666 -30.063 -90.086 -8.390 6.250e+07 2
509 7.605332 -12.910494 19.194942 334.399 13.384 68.595 6.250e+07 2
510 -1.117410 -12.475396 19.989086 237.029 -127.675 71.675 6.250e+07 2
511 2.642704 -10.695786 19.996116 2.674 -276.441 -19.788 6.250e+07 2
512 -2.788405 -22.012989 19.080120 99.949 -110.777 24.961 6.250e+07 2
513 5.931262 -9.930602 20.696401 172.058 168.295 374.168 6.250e+07 2
514 3.454495 -29.816425 29.208247 103.880 71.212 -16.454 6.250e+07 2
515 6.337865 -12.673871 19.331069 233.538 123.031 61.519 6.250e+07 2
516 3.100356 -14.744695 18.850838 260.399 60.115 -7.482 6.250e+07 2
517 4.583611 -7.705606 20.103943 -209.876 -143.084 -117.753 6.250e+07 2
518 6.372443 -9.456994 20.741882 -5.530 212.152 129.214 6.250e+07 2
519 8.565917 -6.117905 19.339980 -93.687 106.442 -28.491 6.250e+07 2
520 5.738261 -9.996275 20.476414 -51.600 -15.515 -22.877 6.250e+07 2
521 21.472499 -17.588190 18.646047 32.419 151.533 30.505 6.250e+07 2
522 10.143138 -12.773555 20.780297 147.569 146.746 33.392 6.250e+07 2
523 -4.577434 -17.979337 22.273438 92.839 -128.119 24.642 6.250e+07 2
524 5.558403 -8.496432 20.410959 -128.578 56.373 112.377 6.250e+07 2
525 7.315980 -11.920977 20.532561 36.649 311.194 109.428 6.250e+07 2
526 5.267536 -10.505720 20.055080 24.439 -147.518 196.612 6.250e+07 2
527 9.173632 -15.547126 21.726434 247.697 -111.285 74.916 6.250e+07 2
528 2.978258 -11.734484 21.934409 16.009 -21.239 -16.244 6.250e+07 2
529 7.750196 -8.216383 21.502234 -250.862 102.682 -84.097 6.250e+07 2
530 6.484268 -10.257745 20.912332 231.048 145.168 27.497 6.250e+07 2
531 11.733252 -10.216815 20.725272 113.043 176.600 59.437 6.250e+07 2
532 5.476987 -16.055404 21.626433 176.760 82.222 96.932 6.250e+07 2
533 12.659408 -22.715563 20.987355 134.806 45.016 19.266 6.250e+07 2
534 12.478703 -12.859628 21.460969 -60.574 119.895 33.542 6.250e+07 2
535 5.232928 -11.838320 20.490683 109.502 -14.151 58.994 6.250e+07 2
536 5.452243 -9.977693 20.308664 102.098 110.138 -72.689 6.250e+07 2
537 95.796326 -465.044029 109.038443 81.881 -395.482 96.091 6.250e+07 2
538 4.541263 -9.283652 21.136483 -234.303 -120.760 -75.474 6.250e+07 2
539 3.094320 -11.843154 18.800999 21.852 -192.434 -38.209 6.250e+07 2
540 3.579265 -7.671488 20.549718 -199.858 -88.925 33.691 6.250e+07 2
541 9.989640 -10.929394 20.058062 117.647 85.772 -34.303 6.250e+07 2
542 5.761256 -10.036923 20.285088 -139.622 -88.704 -315.762 6.250e+07 2
543 6.456700 -9.992053 20.473061 211.822 247.611 172.396 6.250e+07 2
544 6.285324 -8.957101 20.036051 103.203 -12.407 181.108 6.250e+07 2
545 5.345052 -16.717843 21.197146 234.867 113.890 135.050 6.250e+07 2
546 5.566726 -10.794423 21.343037 26.395 156.023 111.917 6.250e+07 2
547 -2.459030 -12.186007 23.120183 77.765 -178.743 31.021 6.250e+07 2
548 4.723942 -11.211117 20.082823 68.041 -133.638 55.769 6.250e+07 2
549 10.337916 -20.066739 21.182383 111.439 79.735 -35.298 6.250e+07 2
550 4.248655 -12.891081 20.675426 88.132 -259.951 -76.204 6.250e+07 2
551 3.851636 -11.262588 20.103681 -99.454 -130.656 5.488 6.250e+07 2
552 6.749404 -9.119853 20.310109 38.687 180.017 -430.027 6.250e+07 2
553 7.381678 -11.152539 21.945591 -194.422 62.136 13.507 6.250e+07 2
554 4.184928 -4.078650 19.877059 -37.336 -123.845 133.794 6.250e+07 2
555 8.398312 -11.489051 21.215514 113.411 166.772 6.907 6.250e+07 2
556 -3.388354 -18.010229 18.081171 40.057 -188.299 36.413 6.250e+07 2
557 6.640586 -10.184793 20.386484 103.351 -193.754 33.444 6.250e+07 2
558 6.317469 -9.917771 20.719598 42.063 96.107 -203.349 6.250e+07 2
559 2.468311 6.702390 21.821737 -81.654 -2.761 33.529 6.250e+07 2
560 -10.371844 -32.804324 19.067336 -10.509 -137.274 5.137 6.250e+07 2
561 1.891248 -9.849802 20.651633 45.318 -85.748 -90.848 6.250e+07 2
562 4.902406 -10.902416 19.184721 -66.914 -59.290 98.525 6.250e+07 2
563 5.724794 -9.254060 20.788537 -94.949 63.531 -126.213 6.250e+07 2
564 5.602016 -10.199836 20.796319 24.628 45.227 83.855 6.250e+07 2
565 2.630531 -11.119211 20.529984 133.884 -112.957 41.144 6.250e+07 2
566 6.193997 -9.797540 20.733919 -172.509 19.314 184.959 6.250e+07 2
567 2.365323 -20.264553 18.915604 127.650 -54.221 12.499 6.250e+07 2
568 4.368111 -8.446179 19.921264 -154.013 -168.555 46.476 6.250e+07 2
569 -1.758355 -7.854356 18.908798 -86.270 -167.905 -0.188 6.250e+07 2
570 7.173936 -10.854003 21.443415 6.262 47.986 24.973 6.250e+07 2
571 9.386571 -7.318862 19.439328 -53.835 37.057 53.630 6.250e+07 2
572 5.354587 -7.103927 20.729634 -161.364 146.406 -169.950 6.250e+07 2
573 -147.070690 -68.588459 15.731591 -81.853 -119.344 24.208 6.250e+07 2
574 4.679332 -9.455599 20.582345 27.300 -66.351 75.661 6.250e+07 2
575 1.276218 -7.109239 19.401565 -216.236 -182.533 95.900 6.250e+07 2
576 2.724850 -6.848496 21.285445 -133.037 -91.837 -122.612 6.250e+07 2
577 -2.900236 2.579925 19.845830 -73.501 -68.568 37.822 6.250e+07 2
578 16.084520 -15.431841 21.309479 45.251 87.846 16.335 6.250e+07 2
579 7.091562 -14.439390 19.795909 215.532 90.748 -122.017 6.250e+07 2
580 5.165065 -11.017953 20.808533 162.999 -90.975 7.439 6.250e+07 2
581 6.679581 -10.066631 19.688581 -85.705 -11.962 -1.852 6.250e+07 2
582 7.872779 -9.888230 21.251527 76.868 260.337 -21.541 6.250e+07 2
583 4.406632 -7.210128 20.935002 -122.987 -68.082 11.036 6.250e+07 2
584 -1.241454 -14.012573 21.900228 166.664 -86.060 -17.950 6.250e+07 2
585 10.508679 -13.025927 19.155274 49.272 236.659 106.955 6.250e+07 2
586 6.057332 -9.241174 20.594983 152.957 -120.681 35.070 6.250e+07 2
587 0.805811 -4.020610 20.533332 -140.388 -170.944 144.073 6.250e+07 2
588 5.550623 -7.720923 21.058086 -31.485 138.980 176.014 6.250e+07 2
589 7.114927 -10.499196 21.131900 -65.294 -117.703 164.119 6.250e+07 2
590 4.868756 -10.551190 21.889232 -7.868 21.764 -106.363 6.250e+07 2
591 5.894038 -10.761053 22.360958 266.794 38.753 -45.216 6.250e+07 2
592 9.783060 -10.738359 20.901297 59.884 99.719 35.479 6.250e+07 2
593 5.102738 -8.675674 20.680634 -125.453 -107.076 -106.294 6.250e+07 2
594 7.472376 -8.957575 20.373937 9.457 -177.640 38.770 6.250e+07 2
595 6.114771 -11.609799 22.033143 209.985 -121.578 127.763 6.250e+07 2
596 2.957706 -10.688707 21.234677 114.918 -199.108 -24.928 6.250e+07 2
597 1.096570 -15.697110 21.912207 130.753 -173.446 -7.481 6.250e+07 2
598 6.403903 -8.477888 20.203223 98.189 -202.397 -33.995 6.250e+07 2
599 9.806137 -8.308532 19.562576 -9.675 76.972 13.895 6.250e+07 2
600 9.187593 -10.231801 20.827325 14.351 106.447 -1.640 6.250e+07 2
601 5.651293 -9.720468 20.633574 -59.212 -136.753 31.888 6.250e+07 2
602 5.762714 -15.057732 21.508727 165.158 -20.480 -20.272 6.250e+07 2
603 3.521226 -10.434378 19.571357 38.464 -322.711 74.520 6.250e+07 2
604 5.879101 -10.499427 20.901745 -109.652 -166.384 -98.063 6.250e+07 2
605 -1.018716 -7.694584 20.155211 -75.197 -30.337 65.905 6.250e+07 2
606 2.647176 1.925614 22.287484 -37.579 -31.996 -22.460 6.250e+07 2
607 -380.460251 190.546520 15.836889 -313.317 155.163 15.579 6.250e+07 2
608 14.740798 -3.716011 19.027496 -15.263 42.881 -26.463 6.250e+07 2
609 4.805722 -10.762689 21.205547 -44.454 -236.554 45.696 6.250e+07 2
610 4.003566 -2.865779 21.708447 -192.928 -4.721 80.967 6.250e+07 2
611 4.005749 -10.678997 19.683483 -27.843 -65.163 -0.003 6.250e+07 2
612 12.690137 -11.374308 21.277164 -15.761 174.801 108.638 6.250e+07 2
613 5.261596 -7.327057 21.030011 -70.346 -124.724 42.294 6.250e+07 2
614 4.834959 -8.737285 19.833018 -67.345 -183.590 71.744 6.250e+07 2
615 1.675796 -18.882187 21.811204 127.513 -94.595 20.629 6.250e+07 2
616 6.571416 -18.399106 19.045850 112.290 -84.070 23.088 6.250e+07 2
617 -2.793743 -7.806184 20.942486 -172.057 -108.110 20.594 6.250e+07 2
618 3.157539 -9.635327 19.170665 -48.175 -176.710 40.577 6.250e+07 2
619 10.796132 -12.827145 20.683467 83.768 98.163 96.152 6.250e+07 2
620 -1.679640 -7.027231 23.301404 70.008 -139.232 -4.055 6.250e+07 2
621 7.219995 -8.703604 20.385111 -299.863 57.402 -194.887 6.250e+07 2
622 7.253888 -14.669485 20.086511 79.725 187.070 129.777 6.250e+07 2
623 5.292017 -8.046541 20.626960 -202.425 188.955 255.575 6.250e+07 2
624 10.723146 -8.956104 24.263280 -66.726 62.510 -70.658 6.250e+07 2
625 6.150195 -9.675797 20.328291 239.472 -185.246 29.195 6.250e+07 2
626 1.805209 -19.860266 22.728003 69.312 -6.334 62.524 6.250e+07 2
627 10.678282 -10.832142 21.072830 27.124 162.455 -92.630 6.250e+07 2
628 8.077066 -11.475447 22.139377 107.258 109.989 74.006 6.250e+07 2
629 5.202264 -10.099635 20.760919 68.872 91.198 -68.913 6.250e+07 2
630 17.884826 -15.701597 19.507714 251.126 64.825 42.272 6.250e+07 2
631 6.046565 -10.221967 20.772146 99.003 3.939 92.575 6.250e+07 2
632 5.278319 -10.822900 20.417513 -11.473 -61.768 112.606 6.250e+07 2
633 8.003317 -11.206668 19.608146 84.798 -14.030 202.488 6.250e+07 2
634 2.558648 -9.428299 20.105439 23.492 17.848 -7.202 6.250e+07 2
635 8.140405 -10.638293 20.977477 -101.537 104.992 -49.833 6.250e+07 2
636 6.289881 -10.116937 20.894602 -119.768 -52.970 -44.777 6.250e+07 2
637 6.670299 -11.664759 21.136708 39.640 -95.149 -46.063 6.250e+07 2
638 5.454596 -13.033103 20.433886 133.015 -207.500 -4.153 6.250e+07 2
639 8.907652 -14.459395 22.595325 95.680 99.453 -109.435 6.250e+07 2
640 7.753132 -11.161629 20.006237 -23.470 6.522 -144.850 6.250e+07 2
641 5.298997 -13.484636 20.952873 186.809 -38.043 159.008 6.250e+07 2
642 10.166749 -10.684068 21.679871 141.355 150.589 -27.538 6.250e+07 2
643 1.609217 -7.292751 22.872161 -69.815 9.053 -48.780 6.250e+07 2
644 4.647219 -9.849205 21.576730 -106.911 -104.664 -29.110 6.250e+07 2
645 7.790042 -9.330693 19.920450 127.554 33.629 19.066 6.250e+07 2
646 10.015067 -4.373352 20.671325 -75.379 -23.358 71.190 6.250e+07 2
647 3.202887 -11.901539 19.749525 124.403 -226.149 19.125 6.250e+07 2
648 1.748239 -15.019097 20.484918 125.270 -168.009 -0.693 6.250e+07 2
649 5.681660 -10.545807 20.798130 -26.365 12.222 -33.515 6.250e+07 2
650 2.315366 -7.714864 20.840318 -202.829 -94.502 12.129 6.250e+07 2
651 2.316211 -8.913303 18.691874 -240.805 51.863 -182.265 6.250e+07 2
652 13.430287 0.524369 14.635345 -54.420 76.007 -4.014 6.250e+07 2
653 6.683587 -12.629209 22.661243 143.434 137.015 32.936 6.250e+07 2
654 4.136481 -9.146305 21.079183 -203.275 -89.441 -0.312 6.250e+07 2
655 4.978004 -10.039997 21.259358 -266.053 -11.818 -84.219 6.250e+07 2
656 16.603488 -2.421750 20.344681 -39.455 65.526 37.148 6.250e+07 2
657 8.160726 -9.677148 20.998864 -48.880 52.512 147.921 6.250e+07 2
658 -854.362326 -46.611161 50.251576 -799.250 -43.980 47.925 6.250e+07 2
659 5.258519 -7.989460 19.974300 -73.937 -77.518 -15.560 6.250e+07 2
660 8.983042 -10.118127 21.342979 115.933 62.792 192.604 6.250e+07 2
661 5.040651 -9.321278 20.103677 17.894 -47.335 123.327 6.250e+07 2
662 4.780415 -9.539947 22.341763 -83.482 -322.212 148.380 6.250e+07 2
663 5.620801 -10.617119 20.532151 33.278 90.864 -91.407 6.250e+07 2
664 8.203100 -10.367864 21.415251 -138.560 61.681 -97.718 6.250e+07 2
665 36.761745 -32.800067 25.070002 -63.167 48.745 2.237 6.250e+07 2
666 389.551570 -399.978415 -57.054737 343.600 -353.089 -48.480 6.250e+07 2
667 174.596151 59.705971 44.564974 57.582 12.148 27.061 6.250e+07 2
668 -1.798933 -6.813244 20.188626 -33.870 -230.311 18.417 6.250e+07 2
669 12.124307 -11.885752 19.000761 102.915 253.649 61.543 6.250e+07 2
670 16.095976 -3.812467 22.699337 -146.341 98.232 58.242 6.250e+07 2
671 6.915292 -9.678522 21.384662 -114.712 181.540 88.191 6.250e+07 2
672 -7.759935 2.092085 26.641635 -111.025 -60.210 61.305 6.250e+07 2
673 6.141975 -11.003418 21.831671 -49.856 40.463 -144.645 6.250e+07 2
674 5.053301 -9.969742 19.577010 -46.579 -48.822 156.650 6.250e+07 2
675 6.378381 -8.312108 21.343358 -71.480 -225.325 46.822 6.250e+07 2
676 6.538075 -9.560835 20.793027 -270.107 -36.821 149.228 6.250e+07 2
677 6.282574 -8.517394 22.296805 -30.271 64.796 143.850 6.250e+07 2
678 9.251062 -5.706315 20.424969 -57.653 -149.728 -55.088 6.250e+07 2
679 7.604564 -8.963582 20.635781 -193.218 90.276 100.574 6.250e+07 2
680 16.924177 -9.878039 24.562452 -32.433 83.777 73.377 6.250e+07 2
681 5.801724 -10.227424 21.132094 140.947 -10.790 17.579 6.250e+07 2
682 323.267794 -1379.123536 -56.325264 310.926 -1326.554 -54.039 6.250e+07 2
683 12.456590 -16.454309 19.360151 -32.838 255.035 -47.459 6.250e+07 2
684 3.437321 -9.978958 20.992363 127.016 -139.427 19.223 6.250e+07 2
685 4.737583 -10.111318 19.785977 138.312 -31.313 71.027 6.250e+07 2
686 8.802882 -7.319267 20.119522 -109.176 172.969 -114.160 6.250e+07 2
687 6.431415 -8.821252 20.314756 -37.539 341.165 -97.778 6.250e+07 2
688 11.010886 -4.083565 19.163232 -52.998 89.078 8.678 6.250e+07 2
689 6.957721 -14.252590 20.188015 355.814 75.737 32.981 6.250e+07 2
690 6.272643 -9.287851 20.754168 -172.808 275.360 -81.971 6.250e+07 2
691 7.425957 -6.402141 19.552367 -167.587 38.191 30.291 6.250e+07 2
692 6.689620 -11.229894 20.658357 293.359 -203.491 3.299 6.250e+07 2
693 5.166098 -16.620039 21.301787 184.532 144.724 24.572 6.250e+07 2
694 7.055221 -13.669031 20.354486 215.440 -19.384 149.761 6.250e+07 2
695 4.399720 -9.140026 21.487082 -163.684 47.454 56.814 6.250e+07 2
696 -2.459228 -1.964010 20.205813 -48.974 -76.241 50.790 6.250e+07 2
697 8.453501 -9.738697 21.167239 -24.953 210.083 95.730 6.250e+07 2
698 4.905870 -9.988527 20.800301 51.882 -311.438 -38.946 6.250e+07 2
699 4.939036 -9.264240 20.890361 69.789 -43.485 312.692 6.250e+07 2
700 4.754495 -7.937423 20.390870 -244.012 22.242 140.337 6.250e+07 2
701 3.373195 -5.772207 21.967517 -32.749 -163.633 -5.263 6.250e+07 2
702 5.806819 -9.290648 20.762261 35.660 119.552 119.643 6.250e+07 2
703 8.300040 -8.690226 20.200455 -6.918 55.478 -78.159 6.250e+07 2
704 5.478186 -11.606160 20.101254 134.647 100.299 -3.652 6.250e+07 2
705 9.931597 -12.093651 20.953950 -19.859 127.753 -15.269 6.250e+07 2
706 5.072751 -9.932376 20.965828 -42.402 -146.365 85.498 6.250e+07 2
707 19.212192 -4.663813 20.828277 0.222 155.078 8.569 6.250e+07 2
708 5.404745 -9.707468 20.630396 -194.524 281.946 -161.100 6.250e+07 2
709 1.853137 -6.922598 19.590848 -47.183 -153.907 127.291 6.250e+07 2
710 6.090005 -9.811795 21.406640 46.899 305.731 79.915 6.250e+07 2
711 9.980065 -7.462542 20.498555 14.920 88.928 19.126 6.250e+07 2
712 5.508887 -30.082158 39.633845 2.912 -26.738 9.557 6.250e+07 2
713 5.914115 -7.937177 18.847691 -122.022 68.761 91.789 6.250e+07 2
714 8.834143 -12.177287 19.379558 177.262 63.069 10.535 6.250e+07 2
715 10.123336 -6.790289 22.144390 42.514 3.039 -41.906 6.250e+07 2
716 0.338725 -3.934177 20.803499 -221.738 -128.067 8.981 6.250e+07 2
717 2.588564 -10.932606 22.514355 71.291 -6.733 11.278 6.250e+07 2
718 12.524491 -9.064924 22.371348 23.040 137.637 -7.056 6.250e+07 2
719 1.271701 -12.346591 19.381544 194.625 -156.761 177.243 6.250e+07 2
720 8.566147 -7.620550 20.645867 -72.677 223.018 -51.540 6.250e+07 2
721 -2.003309 12.226582 18.398986 -119.062 3.580 31.792 6.250e+07 2
722 7.853910 -9.002641 20.955910 167.603 50.575 32.862 6.250e+07 2
723 6.463216 -16.680131 19.383205 149.153 22.046 35.423 6.250e+07 2
724 -1.591846 -15.884216 20.214624 94.526 -87.247 53.381 6.250e+07 2
725 7.235122 -13.285878 23.077175 24.121 125.065 32.859 6.250e+07 2
726 11.381698 -13.596864 20.214033 158.052 137.386 26.700 6.250e+07 2
727 10.712489 -5.295960 19.879729 26.897 181.537 87.872 6.250e+07 2
728 6.964374 -9.536511 19.875565 15.374 253.260 -266.058 6.250e+07 2
729 4.085038 -5.279904 21.024686 -1.574 -52.113 60.284 6.250e+07 2
730 6.733295 -11.494200 20.845289 173.903 -26.685 133.424 6.250e+07 2
731 7.385248 -10.657135 21.311773 -23.032 -61.783 -19.906 6.250e+07 2
732 6.156497 -9.284253 20.431017 -94.229 -54.961 190.262 6.250e+07 2
733 13.558882 -7.479444 21.737310 -22.147 203.955 12.437 6.250e+07 2
734 9.418132 -9.758532 20.930562 36.290 99.293 -77.775 6.250e+07 2
735 0.276791 -8.614843 21.419202 -101.498 -162.266 78.904 6.250e+07 2
736 5.093732 -9.860240 20.982351 101.079 51.250 -38.979 6.250e+07 2
737 6.267650 -9.958017 20.965213 38.635 -131.121 283.067 6.250e+07 2
738 2.982557 -11.254539 18.781562 317.789 52.101 39.662 6.250e+07 2
739 6.213946 -9.121987 19.538464 -114.729 199.890 120.384 6.250e+07 2
740 3.981869 -13.607001 21.137732 113.549 -72.746 57.534 6.250e+07 2
741 6.500076 -10.104072 21.182811 122.779 32.590 -39.243 6.250e+07 2
742 0.809555 -9.391318 22.188585 90.859 -226.564 -15.187 6.250e+07 2
743 6.431126 -9.279368 21.020999 -166.387 -114.382 24.900 6.250e+07 2
744 -147.065058 -68.660876 15.856222 -173.271 -40.627 -14.959 6.250e+07 2
745 16.650332 -14.723210 18.654046 -19.842 50.840 33.215 6.250e+07 2
746 4.501649 -11.091322 19.555593 252.431 -17.336 116.262 6.250e+07 2
747 6.679713 -10.187875 20.176551 175.117 -88.296 -66.777 6.250e+07 2
748 5.867211 -9.978067 20.693053 93.637 -112.102 -27.212 6.250e+07 2
749 0.356524 -15.413713 20.236636 185.324 -45.726 16.353 6.250e+07 2
750 12.373728 -10.829577 22.881649 20.855 114.217 -38.589 6.250e+07 2
751 13.100365 -10.312276 21.407778 170.695 146.495 71.726 6.250e+07 2
752 6.222841 -9.993117 20.156880 123.066 7.324 -42.478 6.250e+07 2
753 5.731399 -16.414642 22.174353 82.151 -85.880 129.615 6.250e+07 2
754 5.204749 -10.193215 20.137417 17.125 -216.486 109.685 6.250e+07 2
755 4.436887 -12.862860 21.884602 125.682 -193.480 92.553 6.250e+07 2
756 4.359251 -10.710252 19.403728 -174.849 -142.520 8.142 6.250e+07 2
757 5.873033 -9.542784 21.168601 172.464 -28.506 261.459 6.250e+07 2
758 1.343710 -6.232315 18.710509 -117.536 -131.755 -11.075 6.250e+07 2
759 5.614058 -8.821470 21.125815 -119.294 -2.466 259.722 6.250e+07 2
760 5.489410 -6.221469 20.559643 -241.866 79.937 88.552 6.250e+07 2
761 4.946762 -8.731283 20.573339 29.321 21.944 112.845 6.250e+07 2
762 3.458779 -9.058890 20.161901 15.204 -179.991 -69.826 6.250e+07 2
763 4.905555 -11.008388 20.558698 55.495 -11.770 -48.905 6.250e+07 2
764 8.222094 -9.100452 20.782350 74.178 82.634 10.247 6.250e+07 2
765 -1.919245 -3.519951 19.967031 -158.747 -185.885 3.795 6.250e+07 2
766 5.511413 -7.200553 21.848742 -56.806 -23.370 -72.669 6.250e+07 2
767 5.697804 -13.357451 20.313948 297.296 43.174 -27.711 6.250e+07 2
768 5.742376 -9.801736 20.881477 -59.117 -44.332 162.305 6.250e+07 2
769 59.467260 939.267903 -94.216543 55.607 886.596 -89.299 6.250e+07 2
770 1.342671 -1.392573 22.133281 -147.244 -83.338 -24.094 6.250e+07 2
771 5.543158 -9.898655 20.260105 146.021 -309.021 161.792 6.250e+07 2
772 5.101206 -3.223550 23.329809 -164.214 -110.291 0.561 6.250e+07 2
773 11.108173 -11.965470 18.295623 -40.036 2.877 -4.477 6.250e+07 2
774 1.635257 -7.341605 22.468883 40.877 -200.502 -31.921 6.250e+07 2
775 5.985467 -11.817498 19.588964 312.685 -145.441 34.927 6.250e+07 2
776 5.230926 -10.449113 21.331609 -50.755 -144.046 152.586 6.250e+07 2
777 0.321538 -7.813349 20.615993 -152.115 -132.345 -3.939 6.250e+07 2
778 5.408838 -10.310160 20.958996 417.747 -107.500 98.732 6.250e+07 2
779 6.560479 -9.882469 20.453895 139.187 149.844 75.632 6.250e+07 2
780 6.523811 -9.551416 20.653920 83.676 22.659 -85.837 6.250e+07 2
781 12.725545 -12.256911 21.698960 -7.195 141.132 -10.882 6.250e+07 2
782 8.341641 -10.856859 21.487920 227.761 131.762 109.150 6.250e+07 2
783 2.599152 -6.437321 21.371553 -273.692 -133.178 61.777 6.250e+07 2
784 6.062573 -10.342790 21.665732 -137.759 -48.247 91.387 6.250e+07 2
785 3.506154 3.644539 25.114691 -26.397 -50.445 6.325 6.250e+07 2
786 5.609734 -9.879923 20.691105 56.589 70.666 32.563 6.250e+07 2
787 6.168431 -8.857750 20.508023 -210.408 -126.448 10.350 6.250e+07 2
788 5.262814 -8.975046 20.739687 28.249 -78.834 -120.993 6.250e+07 2
789 1.392095 -15.403869 18.203486 226.467 -95.197 13.695 6.250e+07 2
790 5.927793 -11.012933 21.638971 -45.038 -166.995 102.856 6.250e+07 2
791 12.353921 -13.729167 28.209200 48.424 20.727 101.043 6.250e+07 2
792 6.823708 -6.689796 21.157708 -147.752 200.212 178.258 6.250e+07 2
793 -0.873720 -13.542512 22.572026 -27.977 -173.994 83.995 6.250e+07 2
794 8.067503 -12.418968 19.151766 273.784 33.724 4.612 6.250e+07 2
795 5.697195 -8.430947 20.766718 -238.433 -72.222 131.191 6.250e+07 2
796 5.793201 -15.526265 21.919368 133.756 -87.814 114.594 6.250e+07 2
797 -0.209328 -12.739175 20.563654 14.427 -145.247 -17.495 6.250e+07 2
798 9.460217 -6.167065 17.233114 -110.362 95.686 -19.612 6.250e+07 2
799 6.503842 -9.586173 20.611975 -5.757 233.113 -32.092 6.250e+07 2
800 1.898336 -4.966393 23.315121 -164.822 -144.513 28.586 6.250e+07 2
801 5.569104 -9.065725 20.954540 232.786 21.016 -134.132 6.250e+07 2
802 5.303764 -11.330862 21.005405 171.070 -129.105 125.250 6.250e+07 2
803 6.826256 -9.669323 18.814400 -180.994 -82.625 65.255 6.250e+07 2
804 6.056548 -9.980717 20.750710 29.084 38.544 -92.320 6.250e+07 2
805 6.341260 -9.263108 20.944877 6.465 44.066 -23.924 6.250e+07 2
806 5.209594 -9.454477 20.240354 -87.296 -63.674 -0.763 6.250e+07 2
807 3.237953 -11.606431 19.663259 41.701 -99.625 139.117 6.250e+07 2
808 1.283091 -16.770387 21.358990 25.541 -247.406 61.615 6.250e+07 2
809 6.054944 -11.374776 20.726583 175.564 -33.866 105.760 6.250e+07 2
810 2.997675 -11.336559 19.886724 138.122 -313.021 -34.943 6.250e+07 2
811 5.906293 -6.025412 20.235293 -181.435 136.891 -76.194 6.250e+07 2
812 7.135462 -9.864804 19.858660 -167.578 15.908 142.975 6.250e+07 2
813 5.698881 -9.836015 21.055823 18.774 208.362 -173.017 6.250e+07 2
814 2.739461 -2.698537 17.970873 -14.669 58.354 0.165 6.250e+07 2
815 2.501331 -8.277622 19.673205 71.617 -201.950 25.551 6.250e+07 2
816 4.420157 -9.917100 20.750773 -129.694 -282.356 26.535 6.250e+07 2
817 5.260762 -11.844652 20.184371 -33.987 -112.104 -134.843 6.250e+07 2
818 9.012048 -5.452008 22.821223 -218.122 68.443 -88.735 6.250e+07 2
819 1.788303 -6.743166 20.328842 -88.916 -134.220 69.900 6.250e+07 2
820 15.483774 -19.380490 20.371981 81.265 79.104 -15.100 6.250e+07 2
821 5.460139 -5.949587 19.957489 -299.692 -96.647 1.879 6.250e+07 2
822 6.757904 -9.320069 20.170531 -176.185 78.422 129.495 6.250e+07 2
823 6.621956 -9.519784 19.367221 -74.138 155.043 214.751 6.250e+07 2
824 7.001421 -9.033424 20.728381 -22.830 292.932 53.019 6.250e+07 2
825 10.127333 -7.281051 21.741258 -69.350 149.125 13.508 6.250e+07 2
826 8.256855 -9.183263 20.969117 -148.391 80.479 -32.481 6.250e+07 2
827 6.566106 -22.028512 24.009522 63.618 -59.052 -5.835 6.250e+07 2
828 5.499510 -9.606207 20.570013 -96.477 -171.799 305.934 6.250e+07 2
829 1182.479683 -817.961654 -81.207672 1137.996 -787.363 -78.169 6.250e+07 2
830 6.663119 -9.373654 23.506824 -68.060 131.610 -61.433 6.250e+07 2
831 5.004012 -11.021746 20.382613 2.616 -92.926 -74.923 6.250e+07 2
832 6.883507 -14.617130 22.268897 170.932 -60.778 -31.131 6.250e+07 2
833 7.905227 -2.782991 19.814002 -250.520 -34.842 25.617 6.250e+07 2
834 7.941736 -13.427697 23.444846 75.739 -7.512 -4.469 6.250e+07 2
835 10.002513 -12.689991 21.594125 215.524 110.917 -36.291 6.250e+07 2
836 -4.805188 -9.732055 24.319788 118.005 -131.765 -39.761 6.250e+07 2
837 7.335758 -9.213438 22.428145 -169.591 163.576 101.430 6.250e+07 2
838 6.648887 -12.802989 21.889347 107.871 -72.965 174.076 6.250e+07 2
839 2.334551 -17.050950 20.606566 145.670 -49.072 16.200 6.250e+07 2
840 2.448710 -4.976062 18.806278 -24.686 -127.591 -37.507 6.250e+07 2
841 5.665002 -10.232078 20.697247 82.199 -86.967 -176.174 6.250e+07 2
842 5.726017 -9.791819 20.611862 -216.044 -117.050 -143.288 6.250e+07 2
843 11.232752 -6.258226 20.056164 65.103 227.752 -52.102 6.250e+07 2
844 12.009674 -7.984843 20.328957 49.833 142.042 91.143 6.250e+07 2
845 7.173976 -10.742628 20.750844 -25.910 240.355 -89.130 6.250e+07 2
846 10.165350 -5.269790 18.016853 -132.718 71.805 -80.499 6.250e+07 2
847 -0.504007 4.092411 28.527263 -50.616 44.590 83.424 6.250e+07 2
848 -8.652644 -24.970157 21.069722 -60.264 -164.992 59.348 6.250e+07 2
849 6.058104 -10.701872 21.124167 31.760 -122.735 220.798 6.250e+07 2
850 6.341423 -8.428394 20.448617 -99.324 134.018 -19.057 6.250e+07 2
851 9.875128 -8.130248 18.439410 -145.634 35.800 -15.596 6.250e+07 2
852 5.447181 -10.823218 21.080453 51.297 -50.754 -7.652 6.250e+07 2
853 -3.733121 -8.745053 20.990818 67.597 -137.954 15.474 6.250e+07 2
854 10.633372 -7.897316 25.157826 -99.542 -18.270 -24.301 6.250e+07 2
855 -3.650861 -7.839300 20.434017 -23.247 -137.989 6.424 6.250e+07 2
856 8.292864 -13.226465 21.350860 -34.621 138.488 -70.993 6.250e+07 2
857 6.379987 -10.643020 20.030012 135.988 -82.400 -15.929 6.250e+07 2
858 5.265152 -10.137941 20.300635 -170.872 -309.928 208.837 6.250e+07 2
859 5.551240 -10.075333 20.569064 -86.594 -51.213 203.005 6.250e+07 2
860 7.427257 -4.558716 21.057781 -78.975 165.306 108.091 6.250e+07 2
861 6.623627 -9.578726 21.787914 -139.445 103.828 51.657 6.250e+07 2
862 6.274962 -10.386144 20.537961 198.904 155.756 -114.291 6.250e+07 2
863 5.464394 -10.234513 21.917314 -29.235 160.713 -31.650 6.250e+07 2
864 8.874937 -14.522125 19.977914 65.796 136.808 23.410 6.250e+07 2
865 10.291756 -8.629398 21.987619 -27.692 136.249 44.534 6.250e+07 2
866 4.377767 -15.703181 18.881561 -48.716 -289.011 6.366 6.250e+07 2
867 8.685599 -6.902827 20.634922 -118.758 145.697 52.188 6.250e+07 2
868 5.718730 -9.343560 20.245862 158.122 57.608 68.454 6.250e+07 2
869 35.318151 -5.587715 27.521140 -156.261 -35.626 -12.554 6.250e+07 2
870 7.040562 -8.754882 20.338052 73.799 244.708 172.800 6.250e+07 2
871 9.952916 -13.525990 19.339289 77.375 233.235 -15.588 6.250e+07 2
872 4.995561 -8.807262 21.400018 -66.850 55.452 76.864 6.250e+07 2
873 6.169957 -9.155642 20.311108 60.367 222.018 -16.662 6.250e+07 2
874 5.752599 -9.944443 20.289606 -92.305 39.586 -346.711 6.250e+07 2
875 4.490030 -10.222382 20.937652 0.905 -332.500 141.607 6.250e+07 2
876 0.145562 2.271758 22.261214 -178.926 94.624 67.973 6.250e+07 2
877 6.019952 -14.749787 21.319612 243.766 -4.469 -35.980 6.250e+07 2
878 0.949743 -25.689143 23.475272 78.477 10.297 22.830 6.250e+07 2
879 6.892976 -9.387010 20.818362 6.988 261.326 180.301 6.250e+07 2
880 8.350733 -7.511553 22.057700 -125.345 201.707 130.033 6.250e+07 2
881 6.273436 -10.040612 20.690973 113.905 94.501 -3.609 6.250e+07 2
882 8.981642 -4.354424 21.700709 -208.085 85.594 57.680 6.250e+07 2
883 5.573234 -9.191063 21.304646 85.473 -90.248 -66.477 6.250e+07 2
884 10.714115 -5.626225 22.243025 -100.468 6.551 52.658 6.250e+07 2
885 5.642868 -10.420679 19.825916 139.402 -0.726 -49.133 6.250e+07 2
886 6.662427 -9.334608 20.211055 102.830 287.291 128.679 6.250e+07 2
887 4.512075 -10.417828 20.420052 44.170 -325.975 -87.509 6.250e+07 2
888 4.685509 -8.474352 20.418460 -200.128 -58.954 70.468 6.250e+07 2
889 7.058648 -17.376619 23.493375 82.720 19.919 18.234 6.250e+07 2
890 2.713281 -4.283266 20.477312 -180.174 -69.464 36.404 6.250e+07 2
891 3.984736 -4.389365 21.136633 -87.937 -35.970 126.747 6.250e+07 2
892 5.765131 -10.059831 20.875406 102.068 7.707 -61.853 6.250e+07 2
893 5.503108 -3.234093 21.500787 -172.969 -13.774 -7.250 6.250e+07 2
894 11.145405 -2.346237 23.496633 -137.009 27.444 64.004 6.250e+07 2
895 3.289437 -13.726329 18.166984 75.734 -232.623 -58.434 6.250e+07 2
896 4.023795 -11.236239 20.501048 260.600 -187.937 -70.004 6.250e+07 2
897 4.790312 -5.840731 19.899660 -188.505 -90.132 5.982 6.250e+07 2
898 -1.057754 2.549695 20.007586 -164.293 -47.203 8.533 6.250e+07 2
899 -12.051314 9.564276 21.551714 -20.443 -37.678 18.991 6.250e+07 2
900 5.241657 -12.638586 20.399241 31.431 139.964 -34.403 6.250e+07 2
901 2.136846 -11.038325 20.401235 8.328 -58.349 119.743 6.250e+07 2
902 4.566673 -11.746457 19.879604 166.975 -156.325 70.692 6.250e+07 2
903 2.846902 -12.871716 20.472801 52.588 -210.844 -41.709 6.250e+07 2
904 6.625104 -8.752893 20.993595 96.434 139.041 157.073 6.250e+07 2
905 3.508851 -10.291617 17.928943 39.227 42.773 182.200 6.250e+07 2
906 5.826749 -10.187168 21.327699 69.898 58.404 231.818 6.250e+07 2
907 6.624538 -10.784172 21.020517 -110.639 79.565 -2.321 6.250e+07 2
908 5.766692 -9.178203 22.204590 -32.803 -22.226 -106.446 6.250e+07 2
909 4.631031 -10.413647 20.654105 -52.362 -16.631 -113.475 6.250e+07 2
910 9.641599 -8.144839 21.014748 -150.032 142.403 52.395 6.250e+07 2
911 -2.027837 -9.450974 18.858236 140.546 -178.076 34.172 6.250e+07 2
912 588.258396 -271.278625 31.981149 531.818 -246.298 30.279 6.250e+07 2
913 7.488183 -10.786586 20.636345 199.538 44.203 -69.496 6.250e+07 2
914 -4.071469 -3.092156 22.454859 -12.840 -142.695 -21.300 6.250e+07 2
915 2.904900 -4.787244 20.632553 -209.971 120.042 39.808 6.250e+07 2
916 13.163535 1.589358 25.747696 -59.794 18.417 -3.534 6.250e+07 2
917 4.431168 -3.642152 21.005485 -149.927 1.273 58.417 6.250e+07 2
918 2.885612 -10.128461 20.648234 -156.412 -38.664 -83.995 6.250e+07 2
919 -253.289833 115.965000 -3.558879 -166.366 73.594 3.632 6.250e+07 2
920 6.126040 -13.499658 20.471539 246.493 -110.303 -132.138 6.250e+07 2
921 1.697134 -8.467658 19.736839 -143.431 -99.998 -19.372 6.250e+07 2
922 7.314984 -10.196838 19.766723 -5.247 170.307 106.990 6.250e+07 2
923 4.969790 -10.238848 20.150900 -113.998 19.418 -55.874 6.250e+07 2
924 2.363296 -9.126808 20.405741 -113.352 -158.867 -87.652 6.250e+07 2
925 1.746866 -13.656015 20.883466 5.989 -239.776 75.246 6.250e+07 2
926 6.038312 -11.316292 21.039260 94.553 -8.280 35.906 6.250e+07 2
927 11.401101 -9.389465 21.936966 90.791 94.573 40.776 6.250e+07 2
928 5.595434 -9.402975 21.772611 -137.767 17.789 71.294 6.250e+07 2
929 6.445229 -8.333549 17.719816 -143.655 81.359 -44.901 6.250e+07 2
930 5.915491 -9.813428 20.542040 -56.466 -40.653 82.451 6.250e+07 2
931 4.498878 -8.440670 20.029904 126.041 -232.335 -54.278 6.250e+07 2
932 -0.474350 -12.581968 19.721053 249.231 -136.154 10.010 6.250e+07 2
933 6.821212 -11.416846 20.079267 111.802 135.398 21.792 6.250e+07 2
934 5.964738 -10.163751 20.337687 215.006 77.684 -36.182 6.250e+07 2
935 5.356540 -5.915332 22.683682 -99.624 -80.657 -21.651 6.250e+07 2
936 4.386620 -10.083682 20.177401 -4.873 -251.880 181.264 6.250e+07 2
937 1.221837 -21.236243 19.206779 140.179 -119.331 66.666 6.250e+07 2
938 -147.123389 -68.700554 15.844404 -120.597 -65.158 39.942 6.250e+07 2
939 2.331565 -9.302761 19.703827 -84.581 -259.933 18.992 6.250e+07 2
940 0.490990 -7.440819 19.857061 -79.597 -190.251 -15.847 6.250e+07 2
941 3.950425 -13.044992 21.652695 175.038 54.618 -109.180 6.250e+07 2
942 5.603442 -10.334714 21.037015 -54.922 5.058 -55.702 6.250e+07 2
943 9.385357 -12.051966 21.053463 101.274 1.680 63.512 6.250e+07 2
944 6.091832 -7.243346 22.600479 -97.599 -24.063 65.775 6.250e+07 2
945 5.485077 -9.517881 20.429727 191.508 38.123 213.081 6.250e+07 2
946 5.636907 -9.800488 20.993313 -151.707 167.732 -23.505 6.250e+07 2
947 5.790178 -10.083687 21.618440 -40.256 -53.553 -222.530 6.250e+07 2
948 5.538217 -6.673943 20.429594 -243.386 57.087 61.982 6.250e+07 2
949 7.250362 -9.476385 20.732464 -103.166 83.631 -51.247 6.250e+07 2
950 6.432175 -10.727565 20.652187 114.040 -32.142 51.841 6.250e+07 2
951 2.659418 -11.633527 21.409554 159.741 -178.319 127.243 6.250e+07 2
952 5.212530 -10.212425 19.669761 225.289 135.857 119.758 6.250e+07 2
953 6.321194 -9.050342 20.062637 -30.685 -20.082 -121.784 6.250e+07 2
954 11.286377 -10.289272 19.698726 55.847 -45.094 -52.456 6.250e+07 2
955 9.873945 -14.697311 21.845359 105.308 146.316 -72.767 6.250e+07 2
956 5.173542 -9.969033 21.005376 155.118 -238.372 -72.581 6.250e+07 2
957 7.049102 -8.370675 21.033070 -79.948 -193.179 174.357 6.250e+07 2
958 4.876343 -7.844696 20.422481 -147.102 -121.755 -41.015 6.250e+07 2
959 5.007232 -9.471475 20.207056 104.195 -155.965 -97.343 6.250e+07 2
960 5.235422 -11.175019 20.862286 276.866 -140.818 183.084 6.250e+07 2
961 5.798801 -9.171641 20.171638 134.958 -121.388 109.847 6.250e+07 2
962 18.139247 -4.330398 26.176444 26.728 103.233 39.838 6.250e+07 2
963 8.777157 1.834758 20.526358 -112.353 19.954 -12.716 6.250e+07 2
964 4.636678 -9.650033 20.524271 -139.969 -220.258 -224.217 6.250e+07 2
965 7.537212 -8.908601 20.362514 -21.779 204.638 22.546 6.250e+07 2
966 -1.659839 -10.754093 19.801227 55.136 -316.823 -14.600 6.250e+07 2
967 1.788562 -14.261771 21.870403 148.993 -175.219 56.056 6.250e+07 2
968 4.134176 -10.129050 21.859836 -45.206 -187.699 152.145 6.250e+07 2
969 6.062500 -6.015798 20.613414 -44.473 136.513 -50.666 6.250e+07 2
970 1.630087 -12.087492 22.336343 -10.393 -230.978 129.819 6.250e+07 2
971 18.346040 -28.169074 21.145663 20.007 84.317 3.845 6.250e+07 2
972 6.383146 -9.887383 21.385822 -170.548 50.767 -143.384 6.250e+07 2
973 3.690421 -10.255096 21.742297 -61.644 -63.740 45.837 6.250e+07 2
974 -394.629828 -183.817396 17.629290 -325.683 -152.792 17.607 6.250e+07 2
975 -2.074604 8.822426 25.297255 -28.759 -59.278 62.320 6.250e+07 2
976 5.171528 -8.982060 20.825563 -286.076 -90.948 49.357 6.250e+07 2
977 6.014084 -17.697620 19.427480 140.548 -36.950 -22.469 6.250e+07 2
978 5.206503 -9.617548 21.180827 -17.646 -68.419 88.251 6.250e+07 2
979 3.939382 -9.365087 21.260331 19.177 -268.774 -21.428 6.250e+07 2
980 -313.796625 503.479965 47.445117 -280.971 449.971 43.872 6.250e+07 2
981 14.510676 -6.787676 19.824505 -243.601 55.442 52.036 6.250e+07 2
982 1.892677 -9.942788 19.899606 109.234 -166.152 30.349 6.250e+07 2
983 10.744365 -12.666774 20.763217 221.152 143.726 38.107 6.250e+07 2
984 6.961375 -10.122800 21.424413 -60.592 299.416 164.163 6.250e+07 2
985 5.192361 -10.391670 20.619527 -151.592 -70.736 -191.100 6.250e+07 2
986 8.938369 -9.772028 20.561676 -3.886 107.032 -39.270 6.250e+07 2
987 6.954557 -10.905019 20.284832 100.445 10.307 34.177 6.250e+07 2
988 2.949076 -4.883018 19.343209 -123.298 12.716 -42.490 6.250e+07 2
989 0.277291 1.959565 22.070777 -80.102 -55.783 -12.366 6.250e+07 2
990 5.495599 -10.070249 20.426387 212.570 104.609 -149.015 6.250e+07 2
991 6.429453 -9.693842 21.028905 -1.019 -164.601 245.627 6.250e+07 2
992 5.888256 -9.658763 21.083066 -91.718 -351.035 115.563 6.250e+07 2
993 0.075959 -12.651054 19.714859 244.631 -109.932 84.124 6.250e+07 2
994 5.937207 -10.053148 20.309432 4.245 111.247 73.117 6.250e+07 2
995 7.379989 -8.719653 21.624555 6.481 87.240 36.568 6.250e+07 2
996 6.733200 -10.857041 20.333204 -43.460 92.252 12.273 6.250e+07 2
997 -1.564207 -11.501717 19.406931 70.424 -130.972 4.353 6.250e+07 2
998 13.204461 -16.889524 19.426104 -16.972 139.793 29.011 6.250e+07 2
999 5.071130 -10.089690 20.903029 -135.804 41.112 133.534 6.250e+07 2
