# MOND N-body snapshot at t = 0.200 Gyr
# id x(kpc) y(kpc) z(kpc) vx(km/s) vy(km/s) vz(km/s) mass(M_sun) type
0 -1.348907 3.600129 3.549475 -228.485 -25.615 -69.896 5.000e+07 1
1 -3.419054 4.094376 0.005628 -19.252 65.624 5.391 5.000e+07 1
2 -2.209978 3.337268 2.026492 -8.078 -156.284 -64.138 5.000e+07 1
3 -0.733789 4.640461 4.684428 -229.666 -53.093 151.240 5.000e+07 1
4 -2.997302 0.709231 5.198729 87.494 98.129 101.325 5.000e+07 1
5 -1.015533 1.719024 3.702678 -15.082 74.345 185.785 5.000e+07 1
6 -4.467032 -3.477255 1.344494 137.003 -49.044 -77.524 5.000e+07 1
7 0.676114 5.431041 1.458212 -112.015 -139.199 258.635 5.000e+07 1
8 13.419890 -8.022045 -2.537254 49.710 9.366 -20.709 5.000e+07 1
9 1.859301 2.402740 4.695287 111.365 160.534 -13.895 5.000e+07 1
10 -3.800763 0.882637 4.713451 259.588 -37.622 174.494 5.000e+07 1
11 -3.060060 1.801879 6.587350 -35.246 -63.817 84.750 5.000e+07 1
12 -0.569376 3.751419 3.288222 -98.053 28.015 102.362 5.000e+07 1
13 -2.061204 1.138862 1.966005 32.450 -158.408 165.234 5.000e+07 1
14 -12.574242 -3.345233 2.607293 22.360 -124.236 22.649 5.000e+07 1
15 1.240683 2.687115 4.451256 83.170 -21.040 42.235 5.000e+07 1
16 -1.224807 2.213599 4.841913 -156.686 333.394 -74.233 5.000e+07 1
17 -0.220011 4.268010 4.961483 -40.031 -230.230 59.465 5.000e+07 1
18 -0.624500 0.202746 3.854693 133.878 175.410 16.879 5.000e+07 1
19 -2.569321 0.249876 4.227028 -52.447 51.926 138.758 5.000e+07 1
20 -1.200500 1.323021 4.605807 24.259 13.563 -19.189 5.000e+07 1
21 -1.102606 1.505042 4.274336 -31.680 -40.292 79.943 5.000e+07 1
22 -1.220854 2.500738 4.371376 31.099 -181.534 -25.676 5.000e+07 1
23 -3.422255 -1.032962 2.248974 -3.060 36.988 40.271 5.000e+07 1
24 -0.218977 6.133376 0.388574 -73.248 31.121 -28.497 5.000e+07 1
25 -1.298504 0.827965 4.718987 260.961 -238.017 53.187 5.000e+07 1
26 -1.057962 2.109301 4.253593 50.733 -159.850 53.904 5.000e+07 1
27 3.272682 9.416425 -11.496381 -0.216 56.382 -39.270 5.000e+07 1
28 -1.618290 -2.552736 6.784883 114.409 -127.779 51.669 5.000e+07 1
29 -1.209549 3.316603 4.681565 220.516 -326.102 306.368 5.000e+07 1
30 -1.165707 1.913486 4.216039 -99.835 -113.246 -7.602 5.000e+07 1
31 -1.548004 5.084161 3.880860 -234.939 -37.189 87.011 5.000e+07 1
32 -1.285494 1.781994 4.201789 48.761 73.065 26.533 5.000e+07 1
33 0.565911 4.554388 4.184017 -245.654 -21.399 68.311 5.000e+07 1
34 -2.614930 2.452789 4.077360 -95.160 -77.096 8.949 5.000e+07 1
35 -1.781611 1.617891 6.768892 92.114 -140.571 46.521 5.000e+07 1
36 -0.593624 -0.022041 -7.740350 4.346 5.647 108.830 5.000e+07 1
37 0.429540 0.878973 4.433263 193.296 -72.878 -94.794 5.000e+07 1
38 -4.343092 4.442427 8.773790 1.976 40.283 -127.056 5.000e+07 1
39 -1.164492 2.463590 4.401872 119.618 -212.110 -81.010 5.000e+07 1
40 -0.017885 3.214108 4.047547 -142.009 -170.340 -14.697 5.000e+07 1
41 -5.973206 -2.610206 4.946978 45.583 52.839 -116.947 5.000e+07 1
42 -0.627852 2.308440 4.190590 46.440 234.525 -162.674 5.000e+07 1
43 0.118281 2.322008 3.803017 -355.145 318.402 94.009 5.000e+07 1
44 0.943720 5.254818 -8.969665 -19.671 25.393 115.281 5.000e+07 1
45 3.095033 2.201629 4.920398 24.018 42.427 92.555 5.000e+07 1
46 -4.577074 2.219098 5.693224 49.279 -40.153 162.750 5.000e+07 1
47 -1.217146 2.631942 6.779270 193.447 72.504 -61.981 5.000e+07 1
48 1.721830 0.808276 5.825312 96.809 124.238 108.900 5.000e+07 1
49 -0.144078 1.115722 4.137048 -103.619 240.650 27.404 5.000e+07 1
50 -0.667448 2.691567 3.952437 -15.163 383.470 123.701 5.000e+07 1
51 1.831735 3.006478 3.817518 194.348 27.474 132.299 5.000e+07 1
52 -1.266686 3.981809 3.710502 -124.460 79.980 -21.775 5.000e+07 1
53 -1.123314 2.240206 4.663329 104.329 -16.707 -276.241 5.000e+07 1
54 -21.881965 -86.747890 -84.154336 5.393 22.002 46.954 5.000e+07 1
55 -1.888517 0.793393 4.294016 69.346 -78.786 40.121 5.000e+07 1
56 -1.440948 3.533827 5.507273 -119.849 150.148 -63.189 5.000e+07 1
57 1.439705 -0.350960 1.899902 101.541 187.904 15.368 5.000e+07 1
58 0.427916 1.478010 4.332587 -46.560 52.596 -97.375 5.000e+07 1
59 -1.395764 2.801042 3.874280 -217.574 163.749 -17.609 5.000e+07 1
60 -1.641936 2.458016 4.698404 -113.479 196.399 -184.447 5.000e+07 1
61 -1.547896 1.823955 4.452496 231.991 -194.201 -138.908 5.000e+07 1
62 -1.503173 2.498564 4.339114 122.871 -39.508 20.075 5.000e+07 1
63 -1.123594 2.430727 4.404589 -127.780 4.342 -42.803 5.000e+07 1
64 -1.527292 2.094770 4.355421 -56.882 -96.042 47.818 5.000e+07 1
65 1.008996 2.081643 4.826538 56.713 244.461 56.942 5.000e+07 1
66 -1.519057 2.236988 4.276969 -121.730 23.777 -152.202 5.000e+07 1
67 0.923774 3.369985 5.249615 -226.359 -49.320 -83.719 5.000e+07 1
68 3.664805 1.090872 6.247861 -47.962 25.466 -35.598 5.000e+07 1
69 -0.435248 3.851830 4.443853 -192.663 170.621 93.574 5.000e+07 1
70 -6.306665 2.031109 2.462183 96.805 -85.329 155.730 5.000e+07 1
71 -1.546773 2.539980 3.171026 161.595 -299.029 133.565 5.000e+07 1
72 3.129132 -0.249192 4.169324 129.367 187.384 -33.118 5.000e+07 1
73 2.975845 2.442429 4.181557 30.826 101.245 -2.322 5.000e+07 1
74 -1.068992 3.196687 4.065971 67.746 -13.146 162.273 5.000e+07 1
75 -3.816505 -0.904731 1.139399 131.279 -13.239 -145.672 5.000e+07 1
76 -0.153437 0.274597 3.713607 212.475 64.247 24.499 5.000e+07 1
77 -1.568224 2.455256 5.181124 -39.583 -157.967 -51.786 5.000e+07 1
78 -2.093802 1.052988 3.003653 172.780 38.227 259.190 5.000e+07 1
79 -0.917342 0.899735 4.168859 145.788 -143.315 -12.103 5.000e+07 1
80 2.470884 2.122214 10.875161 -12.912 -10.916 29.549 5.000e+07 1
81 0.389733 3.431108 5.463656 -53.797 99.989 -57.043 5.000e+07 1
82 -0.914252 2.008524 1.600077 -20.036 -285.902 19.776 5.000e+07 1
83 -0.987071 0.383686 6.249786 55.880 28.430 217.578 5.000e+07 1
84 -1.592935 2.186588 4.819302 80.693 -252.012 1.959 5.000e+07 1
85 -4.129859 1.685619 1.258414 -139.828 -92.321 11.217 5.000e+07 1
86 -2.164081 3.972974 3.243098 -118.700 -122.843 27.434 5.000e+07 1
87 0.171704 0.533966 9.511017 -2.440 -18.833 -71.628 5.000e+07 1
88 -4.308426 4.757841 2.848139 -226.950 17.251 -75.764 5.000e+07 1
89 -1.292348 2.725441 3.976150 150.052 258.572 102.076 5.000e+07 1
90 -4.128169 2.664541 4.465405 -33.550 33.772 -204.691 5.000e+07 1
91 -1.978860 2.435487 5.191339 -262.565 -92.126 -57.048 5.000e+07 1
92 -5.872307 3.958948 -1.312726 72.930 24.739 189.476 5.000e+07 1
93 -0.482939 2.126117 4.052257 -42.834 27.361 -132.520 5.000e+07 1
94 -1.056049 1.557067 4.474441 70.879 -111.621 34.855 5.000e+07 1
95 1.077745 5.903547 6.155938 -82.710 135.988 -18.263 5.000e+07 1
96 -1.789854 4.176282 3.721511 -88.312 85.921 -70.517 5.000e+07 1
97 -4.203980 4.526073 1.112743 -62.655 -4.359 82.991 5.000e+07 1
98 -3.004262 4.882164 1.421657 68.372 -168.739 165.550 5.000e+07 1
99 0.059683 -0.732119 2.430285 50.885 -65.843 171.538 5.000e+07 1
100 0.247128 0.421829 7.118457 11.530 -79.692 41.409 5.000e+07 1
101 -0.125222 1.211850 4.304191 -48.946 109.992 -152.077 5.000e+07 1
102 -0.442598 2.714940 5.711526 12.066 -142.388 44.166 5.000e+07 1
103 20.243913 153.189247 91.857270 -5.567 -41.162 -3.980 5.000e+07 1
104 -1.772194 1.730155 2.977477 41.502 -32.729 111.327 5.000e+07 1
105 2.480192 1.020621 5.453218 239.165 -124.715 -22.766 5.000e+07 1
106 -3.727828 3.912577 4.815592 78.236 -123.833 159.370 5.000e+07 1
107 -2.276556 3.060297 3.347203 220.557 -122.102 -169.057 5.000e+07 1
108 15.904146 -6.285591 -4.059120 48.531 38.332 -35.989 5.000e+07 1
109 1.052896 3.268541 3.859041 -146.270 93.665 98.819 5.000e+07 1
110 -2.591237 2.883633 4.558074 273.678 -268.558 8.121 5.000e+07 1
111 0.142227 2.480265 3.666004 53.204 62.738 -166.962 5.000e+07 1
112 -2.076316 3.710091 3.532549 135.752 -32.946 130.232 5.000e+07 1
113 0.229534 1.224830 4.987063 -157.279 152.485 215.699 5.000e+07 1
114 -1.134744 2.979792 3.984649 93.158 246.934 -109.360 5.000e+07 1
115 -2.533112 3.454838 4.390717 17.163 -267.836 11.465 5.000e+07 1
116 -2.991228 2.477355 3.708498 252.826 178.876 29.194 5.000e+07 1
117 1.982218 1.642667 4.080353 -116.924 -9.467 225.982 5.000e+07 1
118 -1.633288 2.703932 2.055775 -138.520 -235.979 -32.508 5.000e+07 1
119 1.012845 -1.938427 5.836536 122.797 -126.428 40.596 5.000e+07 1
120 -1.422530 9.370541 3.994182 -0.698 -214.434 99.278 5.000e+07 1
121 5.037749 -13.153015 -2.804266 16.114 65.934 -2.420 5.000e+07 1
122 0.406379 4.237579 4.314844 -157.403 148.373 -61.381 5.000e+07 1
123 -0.539237 2.894608 4.046172 267.610 37.241 -117.938 5.000e+07 1
124 -2.351198 3.722919 4.472380 -109.439 110.320 -76.158 5.000e+07 1
125 -0.937725 1.160978 4.186523 157.711 264.000 -7.553 5.000e+07 1
126 11.046538 1.917273 -0.838648 253.528 43.581 -71.828 5.000e+07 1
127 -2.512719 1.047949 5.312895 4.866 -81.405 409.395 5.000e+07 1
128 -1.629870 3.756244 2.590842 -114.514 -24.487 97.428 5.000e+07 1
129 0.852334 3.456087 3.283995 -207.772 -237.100 -94.690 5.000e+07 1
130 1.275026 0.309975 4.032631 110.754 220.221 121.670 5.000e+07 1
131 -1.143210 1.739187 4.396753 159.088 -55.576 -201.185 5.000e+07 1
132 -1.665654 1.332821 3.755225 183.379 36.439 -89.968 5.000e+07 1
133 -0.909601 1.245541 3.170926 115.813 308.014 346.661 5.000e+07 1
134 5.244832 -0.625000 8.787714 37.860 38.600 -38.199 5.000e+07 1
135 -1.158914 3.163921 5.160903 -157.225 -213.558 -267.838 5.000e+07 1
136 -2.564135 7.152215 3.709265 -250.218 41.467 50.030 5.000e+07 1
137 -2.935328 2.898025 3.644152 -105.786 62.481 63.027 5.000e+07 1
138 1.073627 6.748969 5.420411 54.666 89.084 14.492 5.000e+07 1
139 -13.399282 -8.194845 5.475728 -26.598 -5.388 33.504 5.000e+07 1
140 -0.400311 3.579836 5.055760 56.885 169.274 197.748 5.000e+07 1
141 -2.166471 5.016693 7.440364 25.732 -10.678 98.095 5.000e+07 1
142 -56.930667 -283.962864 -79.973903 2.773 13.909 17.159 5.000e+07 1
143 0.779176 0.734143 3.925663 75.754 263.187 196.160 5.000e+07 1
144 -2.480414 3.980044 4.290697 -150.850 -182.661 -86.472 5.000e+07 1
145 -1.299860 2.267885 3.546543 -44.252 90.405 126.133 5.000e+07 1
146 -0.987261 1.598395 2.731819 128.473 -21.324 -94.848 5.000e+07 1
147 -6.161677 -1.311725 2.516889 29.486 -25.926 -13.250 5.000e+07 1
148 -2.293263 1.303739 3.503687 38.168 -121.419 -171.836 5.000e+07 1
149 0.309937 1.763036 2.425282 63.260 2.257 121.365 5.000e+07 1
150 -1.724315 3.192517 4.460595 283.611 -129.482 -87.446 5.000e+07 1
151 -1.808815 2.630230 4.785485 130.673 -59.519 -209.798 5.000e+07 1
152 0.131495 2.076185 4.371131 -29.746 -229.142 164.207 5.000e+07 1
153 -0.480949 4.962386 3.522168 -104.624 -4.724 20.518 5.000e+07 1
154 4.087880 -0.933139 6.694656 104.855 -101.904 105.949 5.000e+07 1
155 -5.403297 3.662533 5.630474 -122.269 -91.924 -44.389 5.000e+07 1
156 2.223365 3.645481 4.770974 279.008 148.151 -109.057 5.000e+07 1
157 3.652735 9.774470 2.574906 -125.423 53.904 36.271 5.000e+07 1
158 -1.587339 3.320877 3.906646 -91.265 -85.856 -75.536 5.000e+07 1
159 1.585650 -5.314509 3.166472 47.097 -78.839 -67.684 5.000e+07 1
160 -1.077717 1.512470 3.917849 187.913 -144.462 81.744 5.000e+07 1
161 -1.316150 4.687913 2.320538 18.030 -243.319 183.093 5.000e+07 1
162 -1.300822 3.863973 4.803961 -55.192 -121.714 -47.762 5.000e+07 1
163 -1.070745 3.499160 3.195188 -224.413 47.559 37.161 5.000e+07 1
164 -0.800989 2.126424 4.108085 202.568 -73.474 -242.315 5.000e+07 1
165 0.063449 3.036145 4.811174 -99.161 249.642 49.605 5.000e+07 1
166 -0.516688 1.673694 4.653052 97.351 59.053 270.876 5.000e+07 1
167 -1.432370 2.243575 3.513299 -87.997 25.946 -90.770 5.000e+07 1
168 -1.660834 2.340751 3.708730 282.224 -275.650 -2.918 5.000e+07 1
169 -0.053655 -0.364655 2.481077 85.878 -61.915 46.716 5.000e+07 1
170 -7.343743 1.544783 5.752959 63.822 -106.295 -120.579 5.000e+07 1
171 -1.286884 1.369311 3.876773 45.965 405.162 192.322 5.000e+07 1
172 -1.543060 1.270400 3.678500 49.062 -160.501 60.750 5.000e+07 1
173 -1.697519 2.353108 4.211172 106.652 -245.684 192.811 5.000e+07 1
174 -0.816353 2.077775 4.463234 -88.761 50.734 23.602 5.000e+07 1
175 -2.736385 2.590437 5.544541 239.425 -72.588 25.344 5.000e+07 1
176 -5.198996 -3.346171 4.460292 99.716 -73.003 -56.733 5.000e+07 1
177 -51.204378 -40.430951 -79.061538 13.827 10.951 58.430 5.000e+07 1
178 -1.315472 2.240197 4.167426 -329.577 -133.391 242.564 5.000e+07 1
179 2.015279 3.483059 0.927885 36.683 59.394 71.806 5.000e+07 1
180 0.690018 0.596550 4.506194 -215.976 68.134 -178.504 5.000e+07 1
181 0.148461 3.508363 -3.489602 -39.947 131.005 -266.902 5.000e+07 1
182 1.329894 1.829490 4.211765 143.303 249.217 90.116 5.000e+07 1
183 -1.774761 2.763780 3.969968 -55.539 62.219 -103.610 5.000e+07 1
184 -0.369691 1.379734 5.200164 60.473 -71.568 -34.599 5.000e+07 1
185 -1.439054 2.614821 4.403764 -159.792 145.188 -124.857 5.000e+07 1
186 -3.107715 3.746913 2.780640 -21.904 -213.188 72.061 5.000e+07 1
187 -0.042068 1.574191 4.557661 -50.045 372.540 29.968 5.000e+07 1
188 -2.206508 0.662066 6.245896 21.949 -166.351 -14.423 5.000e+07 1
189 6.315885 10.120750 3.613725 163.078 253.590 18.254 5.000e+07 1
190 17.925207 -9.071418 0.670116 61.464 6.588 18.814 5.000e+07 1
191 -1.459895 2.077745 3.999426 -72.203 32.767 -29.928 5.000e+07 1
192 -3.868664 -1.181875 5.279292 128.598 -197.514 -16.320 5.000e+07 1
193 -1.503878 1.458220 4.669908 48.875 -222.789 -109.463 5.000e+07 1
194 -2.037870 4.204956 6.753362 38.056 13.689 -74.040 5.000e+07 1
195 -1.152662 0.348077 5.044648 286.238 32.149 2.771 5.000e+07 1
196 6.079420 -7.379457 -7.045999 7.547 2.118 28.350 5.000e+07 1
197 0.807056 1.858590 4.862055 75.027 176.610 53.763 5.000e+07 1
198 -1.228187 2.854937 4.025607 -193.817 34.035 424.469 5.000e+07 1
199 0.137068 2.123951 4.506517 125.895 126.682 98.735 5.000e+07 1
200 -1.564760 3.560414 4.278420 -91.828 -1.329 41.080 6.250e+07 2
201 8.504031 4.329600 3.157645 -78.551 81.167 -28.378 6.250e+07 2
202 1.499855 3.504989 3.798336 37.700 58.106 9.559 6.250e+07 2
203 -1.450331 4.403314 4.020862 -187.397 15.520 17.372 6.250e+07 2
204 -0.190936 -3.111635 3.840981 238.104 136.707 15.506 6.250e+07 2
205 -1.263429 1.192768 4.045119 -44.055 -9.796 23.620 6.250e+07 2
206 -0.168133 0.350445 3.778033 66.654 317.209 -62.914 6.250e+07 2
207 28.785744 -166.675604 -21.412339 134.694 -776.901 -103.191 6.250e+07 2
208 1.848819 9.198186 2.472152 -109.999 -21.545 2.729 6.250e+07 2
209 -1.383760 1.930009 4.359154 245.192 101.824 68.422 6.250e+07 2
210 -1.404327 2.786788 4.268272 -218.628 105.616 -9.099 6.250e+07 2
211 2.056204 -1.356142 3.984189 -49.317 106.994 21.405 6.250e+07 2
212 -9.583706 -3.866927 2.416083 190.105 -96.210 62.968 6.250e+07 2
213 -0.531843 0.093223 4.459956 119.257 -101.646 97.102 6.250e+07 2
214 5.512286 5.927966 4.173820 -115.488 167.151 59.017 6.250e+07 2
215 -43.086522 -20.548702 7.109202 -108.000 -52.148 24.947 6.250e+07 2
216 -5.747391 -0.380778 2.508152 -50.479 -192.454 19.838 6.250e+07 2
217 -206.480030 53.822160 12.009442 -979.328 255.527 58.257 6.250e+07 2
218 -1.613050 2.271277 4.081690 2.997 -43.404 70.164 6.250e+07 2
219 1.615539 -0.155385 4.784648 115.459 89.295 -16.339 6.250e+07 2
220 -2.179486 3.099503 4.015171 -4.816 -391.203 106.029 6.250e+07 2
221 3.859390 -0.411896 3.991564 -32.223 65.468 -50.762 6.250e+07 2
222 -3.552983 4.904083 4.654084 46.552 -182.630 -93.907 6.250e+07 2
223 -7.418629 -4.857306 2.318195 91.267 -53.578 5.878 6.250e+07 2
224 -0.589911 3.124593 3.676946 -18.230 -120.638 19.254 6.250e+07 2
225 -1.613210 1.452186 4.040546 58.161 148.136 172.278 6.250e+07 2
226 0.818450 2.591198 4.110234 -251.415 214.341 4.222 6.250e+07 2
227 2.569575 3.998477 4.274758 -40.767 324.953 35.254 6.250e+07 2
228 1.623017 0.687250 5.623898 173.533 51.624 75.109 6.250e+07 2
229 -8.214677 -2.302811 2.213660 186.957 -88.291 44.837 6.250e+07 2
230 0.588729 2.329322 3.808809 -187.729 265.143 135.991 6.250e+07 2
231 19.962262 -2.559976 2.696869 6.308 74.040 25.432 6.250e+07 2
232 8.264198 6.632163 3.113774 -97.885 147.956 32.486 6.250e+07 2
233 3.126763 4.140520 5.986079 38.144 173.845 50.638 6.250e+07 2
234 -0.366175 1.284034 3.552178 -114.755 -14.300 247.514 6.250e+07 2
235 76.664516 -200.153730 -14.742520 363.618 -949.995 -81.247 6.250e+07 2
236 -0.894956 1.997595 3.977506 -146.484 2.602 120.231 6.250e+07 2
237 -1.289444 3.742625 4.176831 -87.385 -11.393 -8.681 6.250e+07 2
238 -1.477022 3.313662 4.514921 5.740 -73.429 61.309 6.250e+07 2
239 1.310163 3.019828 4.249467 -17.169 279.271 -14.821 6.250e+07 2
240 0.355793 8.015607 2.319239 -115.737 69.548 -0.227 6.250e+07 2
241 -43.469489 67.203395 1.866213 -196.235 311.291 -0.761 6.250e+07 2
242 0.706557 2.357427 3.716769 -177.109 240.330 132.589 6.250e+07 2
243 -4.559082 4.212235 5.445376 -120.390 -150.344 40.053 6.250e+07 2
244 -1.384642 4.309912 5.067453 -153.430 134.978 37.888 6.250e+07 2
245 -1.558634 1.547102 3.883268 77.118 70.898 264.696 6.250e+07 2
246 -0.971033 2.535736 4.147423 -203.358 192.214 135.587 6.250e+07 2
247 -0.074416 9.040843 4.237749 -198.090 -51.106 12.713 6.250e+07 2
248 1.526811 -0.007847 4.811651 157.606 182.027 -4.152 6.250e+07 2
249 1.195895 6.999277 4.388940 -208.480 168.044 -30.061 6.250e+07 2
250 -107.675578 133.559688 16.369845 -501.677 622.921 77.958 6.250e+07 2
251 -0.407701 2.496045 3.494010 38.301 270.048 -100.923 6.250e+07 2
252 -1.914467 -3.364883 3.514954 137.882 -161.110 54.327 6.250e+07 2
253 -1.604637 2.808097 4.895285 -169.392 9.868 -52.675 6.250e+07 2
254 -1.519689 3.784283 3.907996 -60.354 -167.045 34.474 6.250e+07 2
255 -3.107319 6.015472 2.165835 -118.000 -30.296 -7.449 6.250e+07 2
256 -6.020136 -2.678716 2.758522 26.257 -148.261 -31.566 6.250e+07 2
257 -0.343331 1.361577 3.744231 12.635 167.461 -35.369 6.250e+07 2
258 -1.580345 1.186382 3.826763 295.812 -235.623 23.108 6.250e+07 2
259 -2.503488 2.907378 3.621824 9.063 -151.419 -24.856 6.250e+07 2
260 -2.749869 3.199437 4.612836 -80.470 -153.991 4.121 6.250e+07 2
261 -6.275606 -7.290317 1.873313 80.508 -11.158 -13.561 6.250e+07 2
262 -2.383753 3.601141 3.285627 -62.253 -181.439 -118.539 6.250e+07 2
263 0.051938 6.341919 5.868042 -75.521 -86.833 -35.929 6.250e+07 2
264 -9.496622 -2.407546 5.993311 -82.950 -237.526 75.997 6.250e+07 2
265 18.443710 -0.528766 1.496714 -27.515 55.968 18.172 6.250e+07 2
266 -1.805750 4.266179 4.465660 -270.781 109.736 -5.676 6.250e+07 2
267 -1.164711 3.773979 4.309167 6.450 94.228 136.866 6.250e+07 2
268 2.265371 2.127755 4.054307 -49.562 162.970 56.847 6.250e+07 2
269 -1.501010 2.772904 4.142742 -167.965 -58.659 -16.286 6.250e+07 2
270 -1.505108 1.759889 3.757300 -86.096 -123.597 -148.803 6.250e+07 2
271 -1.732683 -0.177064 4.806477 -19.869 6.304 111.960 6.250e+07 2
272 13.097900 0.754732 2.978753 -80.434 141.052 43.087 6.250e+07 2
273 17.744201 -38.303862 3.263653 38.817 -74.082 18.319 6.250e+07 2
274 3.516491 5.756431 3.586376 61.788 80.938 10.959 6.250e+07 2
275 -2.843236 4.331809 2.618518 -57.001 -89.388 72.609 6.250e+07 2
276 5.240374 8.002298 3.978786 -150.675 81.907 -33.861 6.250e+07 2
277 -1.053194 2.039513 4.547596 21.338 -229.335 181.988 6.250e+07 2
278 -1.209268 2.966420 4.449696 -157.290 -183.229 71.340 6.250e+07 2
279 -2.800315 3.716727 5.026916 -7.161 -125.555 28.208 6.250e+07 2
280 -1.992066 3.397201 3.898680 -144.258 -43.482 -110.681 6.250e+07 2
281 -3.465924 4.022501 3.875719 -77.396 -230.673 26.925 6.250e+07 2
282 -0.997820 3.272166 4.517192 -221.454 72.717 254.672 6.250e+07 2
283 -1.146027 2.991142 4.259234 221.040 16.248 -24.763 6.250e+07 2
284 0.879182 5.155009 4.050263 -166.433 153.301 -41.894 6.250e+07 2
285 0.091314 2.075213 4.107652 -15.038 21.703 -18.740 6.250e+07 2
286 8.810645 6.772271 2.494093 -95.949 114.692 73.698 6.250e+07 2
287 -1.680777 1.799737 4.725334 118.024 -203.996 129.251 6.250e+07 2
288 19.290985 -3.790709 0.365302 47.700 123.920 26.055 6.250e+07 2
289 -2.988138 -0.429561 4.220513 241.465 -43.146 66.156 6.250e+07 2
290 -2.402034 -2.658788 5.751080 196.533 -91.837 91.066 6.250e+07 2
291 -3.597904 6.688375 2.988836 -76.647 -46.467 53.076 6.250e+07 2
292 0.163047 1.414844 4.206342 -75.897 177.707 37.431 6.250e+07 2
293 -1.101319 2.267064 5.157818 82.810 -149.401 -13.587 6.250e+07 2
294 -0.149383 -1.157024 3.331499 110.314 189.803 135.123 6.250e+07 2
295 29.549059 -78.788452 -22.267537 123.200 -320.700 -101.009 6.250e+07 2
296 -6.589286 7.623797 2.905985 -105.129 -36.671 19.763 6.250e+07 2
297 1.835472 8.237083 3.784514 -229.999 -5.330 -49.159 6.250e+07 2
298 -1.655829 1.452785 3.485452 158.574 130.914 185.049 6.250e+07 2
299 -2.107622 2.323295 3.068081 26.162 -14.551 35.686 6.250e+07 2
300 5.056015 5.002146 4.415538 -204.007 132.346 31.992 6.250e+07 2
301 11.819188 6.664296 2.814641 56.315 150.648 -19.435 6.250e+07 2
302 -0.880554 1.938419 4.128324 -271.756 180.672 39.386 6.250e+07 2
303 -1.033068 1.707383 3.548613 -90.333 189.186 59.648 6.250e+07 2
304 3.394171 -6.504147 1.858167 66.932 142.267 42.350 6.250e+07 2
305 -1.501064 -4.663771 1.802349 64.831 23.558 -27.789 6.250e+07 2
306 -2.786045 -4.295987 3.693171 176.515 55.189 56.140 6.250e+07 2
307 -0.080933 3.009465 4.176623 -78.202 357.392 -0.422 6.250e+07 2
308 -8.071414 -2.661336 4.036586 94.526 -197.101 10.471 6.250e+07 2
309 5.247272 45.852892 -13.791127 10.511 118.452 -30.707 6.250e+07 2
310 6.322138 5.886007 4.874830 -172.273 152.515 17.172 6.250e+07 2
311 -94.111595 72.361141 -0.290708 -415.878 321.099 0.236 6.250e+07 2
312 8.478804 6.890141 2.407789 -118.129 81.573 36.466 6.250e+07 2
313 -1.318274 3.798072 5.170277 -67.626 168.757 197.951 6.250e+07 2
314 -1.499097 2.448637 3.702666 -181.493 -31.745 10.521 6.250e+07 2
315 -0.657678 3.522360 4.149707 -12.073 -79.998 40.636 6.250e+07 2
316 -6.292310 8.540293 4.105579 -52.332 -175.816 47.048 6.250e+07 2
317 -0.008250 4.532420 3.718897 -205.283 145.936 -63.967 6.250e+07 2
318 -1.168143 2.977711 4.495811 -265.030 -120.854 25.938 6.250e+07 2
319 -0.985641 2.642283 4.348181 88.534 170.568 266.588 6.250e+07 2
320 6.180653 0.151749 3.880679 -16.267 206.101 81.375 6.250e+07 2
321 -0.549498 -2.215290 2.982492 68.668 249.242 50.648 6.250e+07 2
322 -1.716167 3.346763 4.958158 -170.680 -164.981 157.342 6.250e+07 2
323 -0.982412 2.043522 4.886534 -156.028 208.715 24.492 6.250e+07 2
324 -2.940478 4.464168 5.159626 -232.256 3.519 148.414 6.250e+07 2
325 -0.709035 2.215978 4.221705 -73.913 130.490 234.804 6.250e+07 2
326 -2.704121 -6.898028 3.301008 100.447 -25.360 48.390 6.250e+07 2
327 -11.692359 -2.948669 2.092104 110.984 -36.310 64.252 6.250e+07 2
328 9.851665 -7.206424 1.347521 6.904 150.064 56.823 6.250e+07 2
329 -0.451408 3.119323 4.313828 -144.866 158.130 129.774 6.250e+07 2
330 1.099925 -1.416258 5.298076 172.280 -17.647 51.948 6.250e+07 2
331 -5.485860 5.291449 3.345375 -119.470 -119.966 20.199 6.250e+07 2
332 44.174005 -53.942136 0.931167 156.718 -203.801 10.645 6.250e+07 2
333 5.449070 5.067389 4.941962 -161.527 68.185 4.200 6.250e+07 2
334 -5.931696 3.697077 3.547146 94.992 -233.052 61.844 6.250e+07 2
335 -30.075911 -39.349254 -9.313329 -83.933 -109.123 -20.419 6.250e+07 2
336 -36.704347 -122.224312 0.496598 -164.359 -549.266 3.180 6.250e+07 2
337 -1.996219 3.086114 4.191640 -188.786 -328.865 123.778 6.250e+07 2
338 -15.907845 4.971002 4.853020 -146.008 -79.608 16.049 6.250e+07 2
339 -1.615066 2.423132 4.206819 -29.848 -291.474 160.658 6.250e+07 2
340 9.898649 -16.948750 -0.676085 76.290 61.106 14.789 6.250e+07 2
341 0.241848 3.532434 4.656400 -139.001 170.769 133.694 6.250e+07 2
342 -0.572651 4.588109 3.860012 -60.419 -80.284 98.352 6.250e+07 2
343 -1.209102 3.348207 4.194813 109.882 19.817 -125.501 6.250e+07 2
344 -0.808476 1.746552 4.268423 282.650 40.527 -129.851 6.250e+07 2
345 -2.891691 0.282385 4.790077 45.132 -306.341 83.429 6.250e+07 2
346 27.146797 61.860484 -20.478596 97.277 229.895 -76.165 6.250e+07 2
347 -0.263116 1.192351 4.898393 -121.400 127.055 60.956 6.250e+07 2
348 -1.989138 4.189860 5.070416 -140.554 56.131 66.136 6.250e+07 2
349 -2.561462 0.561460 4.534090 148.553 -31.381 84.584 6.250e+07 2
350 -1.370734 1.266894 4.261516 118.082 85.599 90.109 6.250e+07 2
351 -1.405955 2.483966 4.367986 -150.436 -119.655 221.576 6.250e+07 2
352 -9.804693 7.875978 3.786845 -33.243 -11.259 -9.151 6.250e+07 2
353 9.191506 7.302319 3.455424 -124.650 99.151 6.635 6.250e+07 2
354 -3.045456 1.456043 3.607442 147.307 -72.829 -97.213 6.250e+07 2
355 0.888831 3.018258 4.883781 -47.985 59.352 201.823 6.250e+07 2
356 1.762278 6.917433 5.181848 -202.974 148.118 9.327 6.250e+07 2
357 2.302834 -1.729497 0.885712 -16.230 69.241 80.697 6.250e+07 2
358 -0.539707 -1.193781 4.996287 260.251 -158.256 43.018 6.250e+07 2
359 -1.404733 2.234163 4.103523 227.408 -196.892 5.959 6.250e+07 2
360 -0.007545 2.047997 4.551597 132.790 306.448 3.777 6.250e+07 2
361 41.411893 -59.147122 1.792198 161.887 -215.065 4.756 6.250e+07 2
362 -1.319988 3.031397 4.330195 -271.452 239.481 175.592 6.250e+07 2
363 -0.862755 3.170847 3.988592 40.821 371.776 -52.748 6.250e+07 2
364 13.689224 -0.649105 3.247565 8.624 167.842 14.591 6.250e+07 2
365 -3.530240 2.684829 4.640502 -16.510 -103.364 16.600 6.250e+07 2
366 13.551190 -31.731472 -1.356234 95.300 -123.362 0.672 6.250e+07 2
367 -1.276749 2.915983 3.913239 -205.859 53.559 -60.041 6.250e+07 2
368 -6.284892 -7.206479 2.004024 41.941 -10.894 25.204 6.250e+07 2
369 -0.261514 -3.807269 4.956296 250.706 -4.399 83.170 6.250e+07 2
370 -7.114399 -2.451126 4.060890 120.745 -174.683 49.710 6.250e+07 2
371 60.105316 -114.198914 -0.270505 269.712 -513.306 -0.935 6.250e+07 2
372 -3.076623 -0.676904 3.583047 85.651 20.756 17.118 6.250e+07 2
373 -2.133503 -2.504146 3.188646 77.217 123.298 71.807 6.250e+07 2
374 -1.651853 3.663977 4.430550 -76.126 -195.321 -1.937 6.250e+07 2
375 5.737963 5.346876 4.198989 -60.710 127.277 17.604 6.250e+07 2
376 0.249905 1.418627 2.613450 103.170 277.406 47.652 6.250e+07 2
377 -2.590715 2.357986 3.683865 186.923 -179.386 14.581 6.250e+07 2
378 -1.243149 2.396942 3.953173 -100.544 -183.777 90.863 6.250e+07 2
379 -1.972078 2.301179 3.768948 113.846 92.326 109.612 6.250e+07 2
380 -1.426506 2.472259 4.721381 -75.347 -21.656 1.233 6.250e+07 2
381 12.036788 17.232132 4.491003 -58.156 92.114 13.618 6.250e+07 2
382 0.261812 2.882119 4.363735 -150.884 34.157 65.526 6.250e+07 2
383 -1.385169 1.600902 4.589366 -55.053 135.098 -112.091 6.250e+07 2
384 -1.017509 2.864089 4.988889 -33.774 98.648 -86.877 6.250e+07 2
385 -0.769273 1.013464 4.462127 49.726 -37.956 56.840 6.250e+07 2
386 9.993348 1.801975 5.801982 137.965 199.401 59.873 6.250e+07 2
387 -1.502906 2.624954 3.634066 20.246 55.059 75.024 6.250e+07 2
388 0.548559 2.464194 4.424800 -62.528 386.517 156.969 6.250e+07 2
389 -1.189703 2.027637 4.698870 101.687 154.647 -135.923 6.250e+07 2
390 -3.087547 3.455096 4.997690 75.646 -172.674 -63.219 6.250e+07 2
391 0.159178 1.531650 4.383099 -0.037 123.783 9.243 6.250e+07 2
392 -0.772145 1.825612 4.625429 -13.128 114.904 -49.611 6.250e+07 2
393 -6.474178 -3.800182 2.717918 47.004 -77.607 5.000 6.250e+07 2
394 -0.436305 5.280521 4.530494 -238.519 28.514 -26.330 6.250e+07 2
395 -39.253083 -186.605595 -7.197618 -184.122 -878.347 -33.625 6.250e+07 2
396 -0.127851 -2.653297 5.145009 177.713 103.852 0.152 6.250e+07 2
397 -0.215342 1.257279 3.794679 -91.471 112.616 114.191 6.250e+07 2
398 -4.615934 -1.507572 4.244975 112.134 -170.920 12.009 6.250e+07 2
399 -5.000945 0.239573 3.600711 96.725 -171.829 58.854 6.250e+07 2
400 -1.003767 4.215471 4.599116 -85.381 158.387 95.739 6.250e+07 2
401 -1.659444 3.209303 3.910277 -61.091 -64.556 213.616 6.250e+07 2
402 -1.110660 1.443427 4.126297 145.210 -19.861 -136.857 6.250e+07 2
403 -1.153964 2.115058 4.093289 -60.764 -189.367 92.701 6.250e+07 2
404 -4.260821 5.244655 3.534022 -42.813 -128.495 34.090 6.250e+07 2
405 -1.827155 2.261808 4.974317 79.257 88.293 55.993 6.250e+07 2
406 -1.401824 2.636994 4.114381 -287.548 131.147 -178.353 6.250e+07 2
407 -1.132009 1.747147 4.226117 -65.902 -283.609 59.189 6.250e+07 2
408 -1.688407 3.663474 2.748005 46.768 -59.589 38.883 6.250e+07 2
409 -0.496245 1.386122 4.274145 211.719 93.049 -121.975 6.250e+07 2
410 -12.109332 -16.984103 3.886290 16.570 -82.242 -7.504 6.250e+07 2
411 3.188514 2.134370 4.261557 -104.042 253.190 80.548 6.250e+07 2
412 13.881651 -6.626756 3.402148 79.362 88.913 -1.444 6.250e+07 2
413 -1.509832 2.744299 4.284326 -145.582 104.870 170.051 6.250e+07 2
414 0.062711 24.577765 4.208819 -92.024 110.807 9.131 6.250e+07 2
415 -1.760093 5.935785 5.452461 -228.344 181.992 93.287 6.250e+07 2
416 -0.779167 1.662578 5.639931 -2.071 -28.336 66.742 6.250e+07 2
417 -1.609652 3.738924 4.139677 -159.487 -224.202 129.446 6.250e+07 2
418 -1.155265 2.311762 4.657210 -100.503 77.348 187.863 6.250e+07 2
419 -619.612481 412.775916 -12.010821 -3022.038 2013.215 -61.881 6.250e+07 2
420 -0.650810 -0.563735 3.454835 140.518 242.884 99.013 6.250e+07 2
421 -2.410160 2.816984 3.933525 -20.706 35.612 100.586 6.250e+07 2
422 -4.632922 0.302436 3.078770 21.355 -97.059 20.736 6.250e+07 2
423 -0.746480 1.674192 3.943340 64.165 -90.831 -106.201 6.250e+07 2
424 -0.988760 0.997281 3.243391 11.864 -43.793 -69.911 6.250e+07 2
425 123.014872 410.486292 18.600023 596.936 1992.131 92.157 6.250e+07 2
426 1.246372 1.164957 3.411258 -88.588 175.939 43.237 6.250e+07 2
427 0.104511 3.622682 3.789817 20.115 230.573 63.517 6.250e+07 2
428 -233.881618 -113.264485 11.825258 -1120.542 -542.836 57.935 6.250e+07 2
429 -1.170954 2.370160 4.136052 -121.941 171.347 26.650 6.250e+07 2
430 1.242844 7.973912 3.057594 -183.774 -84.412 41.890 6.250e+07 2
431 5.476697 -1.416262 5.015878 143.986 124.197 37.930 6.250e+07 2
432 -96.756913 -88.143332 21.344422 -436.967 -398.624 105.609 6.250e+07 2
433 83.621409 19.987968 -4.957143 338.452 82.450 -15.238 6.250e+07 2
434 -2.053401 2.405746 4.318718 40.587 -203.146 189.054 6.250e+07 2
435 6.201772 7.141781 3.496379 -140.671 160.320 51.128 6.250e+07 2
436 -1.875384 1.570978 3.847900 123.067 -237.399 -66.161 6.250e+07 2
437 -2.420639 4.094370 4.077000 -63.894 -192.689 23.354 6.250e+07 2
438 -5.235221 3.257333 4.286721 -28.996 -198.653 -17.952 6.250e+07 2
439 -1.338674 0.121789 3.974898 216.186 76.332 -43.351 6.250e+07 2
440 5.041421 -0.840810 4.659028 26.645 50.011 7.711 6.250e+07 2
441 0.189017 1.499153 4.521830 119.853 36.942 -28.008 6.250e+07 2
442 -1.975663 2.468670 4.014457 -340.500 -20.043 -161.947 6.250e+07 2
443 9.581837 6.544179 4.321895 -74.522 136.055 34.658 6.250e+07 2
444 -1.747422 3.015252 3.416823 76.643 -40.930 234.917 6.250e+07 2
445 -7.183596 -10.654363 3.848136 88.409 -19.722 1.747 6.250e+07 2
446 -0.561651 2.620752 4.001488 197.750 -45.949 -263.635 6.250e+07 2
447 -5.138967 -3.055127 4.877754 203.355 -110.877 4.611 6.250e+07 2
448 -2.438619 2.714547 4.019372 -74.442 -13.583 108.874 6.250e+07 2
449 -0.903465 1.460649 4.414845 312.357 -50.603 130.820 6.250e+07 2
450 -2.855876 3.987398 2.902533 -187.978 -31.641 72.621 6.250e+07 2
451 -1.535486 1.874985 3.719827 84.324 -61.644 -215.997 6.250e+07 2
452 -3.194884 1.748782 3.747633 -107.563 -179.537 176.830 6.250e+07 2
453 1.100587 0.841364 4.629648 99.998 -11.802 73.925 6.250e+07 2
454 -88.702993 228.506418 20.669313 -424.135 1091.768 103.320 6.250e+07 2
455 -1.573138 4.122249 4.684573 0.316 -16.031 -6.541 6.250e+07 2
456 -5.189687 -3.161798 4.528942 184.714 -87.587 64.012 6.250e+07 2
457 -3.198437 -0.295416 3.578462 214.467 -57.072 62.947 6.250e+07 2
458 1.586606 4.649500 4.132676 -82.495 129.823 -26.422 6.250e+07 2
459 -1.012344 2.295764 4.309663 169.267 46.792 111.134 6.250e+07 2
460 -1.069049 1.314891 3.966610 19.276 270.068 84.031 6.250e+07 2
461 -0.022038 0.404185 4.369324 98.162 173.639 -9.930 6.250e+07 2
462 -0.366015 1.550191 3.397764 -97.772 256.094 -42.327 6.250e+07 2
463 -0.923213 2.659212 5.030568 53.022 49.542 41.980 6.250e+07 2
464 -9.207837 -8.421308 4.905932 99.801 -62.837 -10.215 6.250e+07 2
465 -1.234872 4.381767 4.033310 -189.993 110.006 34.038 6.250e+07 2
466 -11.185050 -16.737529 5.039920 37.848 -65.477 34.804 6.250e+07 2
467 -3.419321 3.158091 3.169074 74.872 -210.137 132.362 6.250e+07 2
468 0.614232 1.823163 4.311482 -177.838 312.206 -80.735 6.250e+07 2
469 -1.296845 2.360801 4.104214 78.170 373.447 17.184 6.250e+07 2
470 -1.566054 3.617187 4.651428 -155.953 -105.265 71.124 6.250e+07 2
471 2.550306 4.288327 4.823379 -85.643 216.468 -5.700 6.250e+07 2
472 -7.508519 -2.869114 2.774134 115.200 -120.279 17.764 6.250e+07 2
473 39.744509 -112.072765 -17.901012 178.330 -497.607 -81.123 6.250e+07 2
474 -2.513629 4.723657 3.370016 -171.515 -99.796 32.614 6.250e+07 2
475 -6.771228 2.406764 4.950300 -252.015 -200.119 35.677 6.250e+07 2
476 -1.449767 3.338150 4.592195 -229.610 43.208 -36.409 6.250e+07 2
477 -76.903815 -321.727516 10.695283 -371.174 -1553.429 52.394 6.250e+07 2
478 0.699176 3.489644 4.403388 -196.197 233.173 -2.638 6.250e+07 2
479 -0.805258 2.054318 4.201399 200.452 65.882 -85.255 6.250e+07 2
480 -3.050830 -4.956342 3.748256 175.158 -106.408 2.959 6.250e+07 2
481 0.202542 1.436762 4.384088 -22.156 122.059 -111.394 6.250e+07 2
482 0.328563 4.302719 4.811110 -204.655 198.277 53.514 6.250e+07 2
483 -1.013984 1.260803 5.056774 45.451 239.002 185.854 6.250e+07 2
484 -0.831533 2.397922 4.427030 28.786 -26.581 45.239 6.250e+07 2
485 -3.840550 6.859884 4.382665 -174.575 126.654 -48.259 6.250e+07 2
486 -1.090076 2.160581 4.312229 141.226 -82.204 134.489 6.250e+07 2
487 -0.392054 5.645570 4.236708 -179.931 -9.552 208.430 6.250e+07 2
488 -2.378104 2.832857 4.196475 4.482 -55.317 57.778 6.250e+07 2
489 -0.766679 2.117895 4.728305 220.648 -22.765 121.495 6.250e+07 2
490 -1.506597 2.976041 4.377687 -246.430 98.452 -17.281 6.250e+07 2
491 4.183680 6.929612 3.418844 -186.525 -42.847 14.200 6.250e+07 2
492 1.905896 6.997627 4.023021 -182.671 3.512 96.928 6.250e+07 2
493 -2.234643 16.164936 3.023949 -116.928 -11.283 4.369 6.250e+07 2
494 -0.380765 2.054425 4.424409 26.468 194.954 8.345 6.250e+07 2
495 4.050953 -2.155745 4.019952 98.225 68.759 23.539 6.250e+07 2
496 -1.165531 2.243164 4.393185 243.313 15.068 0.460 6.250e+07 2
497 -1.920892 1.201302 3.252162 -4.217 -88.851 -1.067 6.250e+07 2
498 1.388744 4.788385 6.655133 22.627 -94.816 -59.160 6.250e+07 2
499 0.295033 2.005539 4.491936 95.275 12.639 -130.083 6.250e+07 2
500 -1.842110 0.508011 3.848889 47.725 -117.969 -32.552 6.250e+07 2
501 -1.541503 5.057778 2.878605 -136.343 -89.545 -126.650 6.250e+07 2
502 -1.175448 18.629316 0.233625 -93.453 77.715 11.597 6.250e+07 2
503 -1.154985 3.627684 4.979019 -54.602 -16.276 -12.383 6.250e+07 2
504 -2.031481 2.418829 4.517280 64.419 -158.919 -9.287 6.250e+07 2
505 0.823381 3.786000 4.765263 -153.568 234.284 81.910 6.250e+07 2
506 -0.352799 4.162504 3.850495 -292.314 235.054 98.671 6.250e+07 2
507 -365.013764 -139.730404 -12.622427 -1768.764 -677.209 -61.541 6.250e+07 2
508 3.327137 2.738854 4.165313 -63.008 173.086 -23.057 6.250e+07 2
509 -3.866549 2.218166 5.645692 -62.104 -222.749 119.004 6.250e+07 2
510 14.334294 -4.657069 2.100319 -18.788 146.730 2.154 6.250e+07 2
511 -0.815391 3.877042 4.555839 1.797 -62.137 -58.204 6.250e+07 2
512 -1.541236 3.276308 3.563134 -196.555 -71.538 86.422 6.250e+07 2
513 1.723539 2.957955 3.876178 -70.536 236.072 32.318 6.250e+07 2
514 19.719186 -3.595160 0.937015 -4.323 90.592 8.293 6.250e+07 2
515 0.615955 1.695327 4.551249 8.003 119.013 95.801 6.250e+07 2
516 13.629124 -31.509223 -1.447040 88.825 -124.006 -13.281 6.250e+07 2
517 -0.948231 2.172218 4.783602 -241.900 -33.262 -19.615 6.250e+07 2
518 -11.230669 -2.925815 2.206613 120.772 -43.410 61.896 6.250e+07 2
519 -6.952615 16.499808 4.330073 -127.341 17.594 3.932 6.250e+07 2
520 -1.587611 3.272633 3.582331 52.989 108.251 -49.546 6.250e+07 2
521 -1.215835 18.623352 0.260354 -85.211 59.907 12.411 6.250e+07 2
522 -2.340177 1.997253 3.880676 82.672 -298.722 18.576 6.250e+07 2
523 -1.644568 -3.123527 3.704275 213.519 77.262 32.653 6.250e+07 2
524 -1.567236 2.934845 3.889474 62.652 42.940 -138.856 6.250e+07 2
525 3.147329 -1.277259 5.105133 86.876 32.580 -47.712 6.250e+07 2
526 -0.947597 3.975073 2.725029 -177.515 111.653 -55.029 6.250e+07 2
527 0.589729 3.551920 4.024954 -226.568 26.594 88.806 6.250e+07 2
528 0.872472 3.001154 4.489421 -192.751 181.418 5.528 6.250e+07 2
529 -2.761279 3.108313 4.365731 -82.655 -0.762 63.441 6.250e+07 2
530 -2.872923 4.310242 4.100321 -22.037 -1.989 94.674 6.250e+07 2
531 -3.540781 5.671614 3.619803 -141.041 -241.421 94.604 6.250e+07 2
532 4.315919 5.895618 4.362602 -46.486 188.538 -46.942 6.250e+07 2
533 -1.104492 2.300798 4.158531 -65.996 210.111 -47.443 6.250e+07 2
534 -2.934863 3.866534 4.501620 -145.496 -231.342 18.590 6.250e+07 2
535 -1.625254 2.165850 3.822450 86.018 87.582 -111.103 6.250e+07 2
536 -1.290873 4.431996 5.394391 -327.324 205.407 75.127 6.250e+07 2
537 -1.456881 1.983406 4.461328 43.282 -121.532 155.702 6.250e+07 2
538 -1.270791 1.609995 4.276947 -109.709 81.753 -66.334 6.250e+07 2
539 -0.682388 1.737142 4.591486 145.984 -53.690 77.500 6.250e+07 2
540 1.882711 2.117214 4.165790 189.084 94.741 -5.525 6.250e+07 2
541 -3.442333 5.375406 4.576379 -199.498 -176.503 49.695 6.250e+07 2
542 -7.313186 11.101340 2.784606 -104.596 -130.605 4.355 6.250e+07 2
543 -1.690797 2.597561 4.098187 270.450 -3.859 3.870 6.250e+07 2
544 -43.364842 67.130771 2.029762 -199.351 295.317 16.287 6.250e+07 2
545 -2.101210 0.631639 4.334733 99.454 -72.141 -31.169 6.250e+07 2
546 -1.702049 2.355960 4.520854 29.421 -88.093 82.260 6.250e+07 2
547 -0.587517 0.341656 3.316457 -18.097 -118.830 126.970 6.250e+07 2
548 -0.833731 2.075410 4.569430 -10.052 125.049 84.305 6.250e+07 2
549 -2.864611 7.941851 2.721471 -24.593 -108.995 18.692 6.250e+07 2
550 0.513074 -0.289852 3.879339 282.955 244.320 51.243 6.250e+07 2
551 -0.491994 3.560612 4.264234 -267.760 54.605 -40.247 6.250e+07 2
552 3.117592 -1.271864 5.065823 108.537 28.905 -31.360 6.250e+07 2
553 -3.894119 2.441553 5.154926 -45.970 -19.233 -122.730 6.250e+07 2
554 -4.504204 0.786659 5.237529 -40.264 -115.259 0.740 6.250e+07 2
555 -20.788421 -3.911515 0.546184 21.647 -51.212 4.774 6.250e+07 2
556 -0.343471 5.945757 2.191625 -140.779 -78.513 109.409 6.250e+07 2
557 -2.465759 2.053872 4.145589 -152.636 -280.002 98.289 6.250e+07 2
558 -0.390347 -0.771046 3.776470 64.952 200.060 15.348 6.250e+07 2
559 -0.823504 2.237303 4.088327 -54.926 205.706 -43.643 6.250e+07 2
560 2.665837 -3.055116 2.308591 116.287 120.351 3.495 6.250e+07 2
561 -3.025378 -0.478469 4.294489 167.771 -149.549 7.662 6.250e+07 2
562 11.299655 13.623535 6.035050 -31.181 170.152 51.822 6.250e+07 2
563 1.930687 1.410784 3.613815 -162.581 204.832 65.752 6.250e+07 2
564 0.125887 4.109198 4.774085 31.127 286.555 62.503 6.250e+07 2
565 1.389872 6.300380 4.956660 -89.393 214.949 -55.822 6.250e+07 2
566 7.217290 -2.328994 2.465830 -56.570 218.384 66.362 6.250e+07 2
567 2.041949 -12.071257 3.105657 61.902 90.220 10.569 6.250e+07 2
568 2.738728 -1.948690 3.631423 96.207 -12.403 45.784 6.250e+07 2
569 -1.191318 1.559147 4.059089 -50.771 70.561 139.026 6.250e+07 2
570 1.424726 0.688515 3.431421 -25.072 255.594 -69.391 6.250e+07 2
571 0.352976 0.756532 4.404994 86.102 -147.982 85.546 6.250e+07 2
572 -0.764228 2.519523 4.043279 -76.928 -34.604 53.767 6.250e+07 2
573 -3.762283 1.872389 5.056377 78.525 -228.420 19.378 6.250e+07 2
574 -1.820333 -0.270214 4.225578 284.388 41.071 174.641 6.250e+07 2
575 -1.522097 1.507757 2.568423 -8.072 168.487 17.550 6.250e+07 2
576 -0.462225 2.615006 4.178737 -63.688 290.053 -128.484 6.250e+07 2
577 -0.433664 2.399698 3.408354 -241.037 251.776 176.375 6.250e+07 2
578 10.574050 12.050566 5.674341 -20.882 133.226 5.820 6.250e+07 2
579 295.229288 -762.924786 0.133070 1440.509 -3722.541 0.779 6.250e+07 2
580 -1.476401 4.537500 3.986824 -322.698 -50.443 -9.265 6.250e+07 2
581 -5.943270 -4.531501 3.762211 154.699 -105.177 37.516 6.250e+07 2
582 2.822425 -1.803521 5.041871 202.691 104.831 7.326 6.250e+07 2
583 -18.453946 -3.809615 0.655356 39.924 -46.391 19.136 6.250e+07 2
584 -1.003228 7.248398 2.363118 -128.120 -150.343 78.522 6.250e+07 2
585 -1.765393 3.055661 3.937687 -3.490 128.681 115.600 6.250e+07 2
586 4.654420 5.798503 4.437980 -179.381 81.123 -19.468 6.250e+07 2
587 0.392218 -3.584016 1.535098 159.257 29.069 -7.240 6.250e+07 2
588 1.421595 4.819207 6.671558 26.472 -88.398 -41.418 6.250e+07 2
589 -1.202160 2.955513 3.381675 -293.631 -77.792 70.160 6.250e+07 2
590 -2.109088 -4.988880 2.855704 136.690 185.156 43.031 6.250e+07 2
591 -6.981126 0.987666 3.828093 -10.333 -132.780 24.483 6.250e+07 2
592 -2.316166 2.032019 3.961612 -201.308 -75.959 -44.143 6.250e+07 2
593 2.036945 7.519797 4.002334 -165.062 157.528 -11.881 6.250e+07 2
594 -1.142821 1.836725 3.976516 -44.732 -81.077 148.525 6.250e+07 2
595 -1.797030 2.169545 4.528311 -75.570 -297.475 -3.675 6.250e+07 2
596 1.406716 -3.037726 3.870570 163.324 13.818 -17.421 6.250e+07 2
597 1.634538 5.687541 4.930876 -71.100 55.277 -13.181 6.250e+07 2
598 -0.262637 -1.345825 5.596561 116.573 11.480 -43.507 6.250e+07 2
599 -1.465737 2.674201 4.264423 -218.597 58.232 -145.129 6.250e+07 2
600 -8.681229 -14.551197 3.880739 52.180 -45.627 21.222 6.250e+07 2
601 3.395667 -10.758414 1.713835 58.667 87.387 35.364 6.250e+07 2
602 13.633834 -3.305975 2.583535 -21.214 137.800 44.526 6.250e+07 2
603 3.491432 -9.207334 5.547146 81.889 6.176 -4.043 6.250e+07 2
604 -0.374600 4.283758 4.094357 37.237 199.553 -34.920 6.250e+07 2
605 -0.987606 1.077094 5.130595 221.844 -152.372 -133.175 6.250e+07 2
606 -7.657275 -2.842055 2.176360 187.221 -101.985 87.532 6.250e+07 2
607 -3.327929 3.941666 3.978274 -279.309 -60.060 -15.294 6.250e+07 2
608 -1.679697 1.672262 4.387884 -6.986 9.419 -11.895 6.250e+07 2
609 -7.916162 0.712642 2.887351 200.738 -151.434 78.451 6.250e+07 2
610 2.397686 2.945475 5.556252 51.153 173.286 -73.526 6.250e+07 2
611 0.190745 6.960182 4.508875 -92.599 211.193 11.925 6.250e+07 2
612 -1.903791 1.982189 4.244535 -110.215 -195.583 -131.898 6.250e+07 2
613 -0.027151 1.497531 3.991301 -109.655 37.717 -2.443 6.250e+07 2
614 2.673080 3.586495 4.029228 -92.364 234.807 69.451 6.250e+07 2
615 -0.513174 3.799190 4.038011 -226.181 -20.213 -39.664 6.250e+07 2
616 -1.114689 2.329845 4.222070 183.193 8.396 -96.825 6.250e+07 2
617 -0.631240 -1.046048 4.708458 149.245 45.585 -14.725 6.250e+07 2
618 -1.607546 3.645038 4.936632 -407.809 -222.471 141.041 6.250e+07 2
619 -1.452713 11.187458 4.003800 -126.369 54.164 -17.676 6.250e+07 2
620 -2.015523 2.387642 3.745265 -123.098 -91.689 -5.761 6.250e+07 2
621 -0.875591 4.113142 4.079834 -214.533 -15.747 56.081 6.250e+07 2
622 10.326335 9.728895 5.236539 18.348 223.963 63.881 6.250e+07 2
623 9.704922 5.705793 3.864987 -35.668 195.393 45.485 6.250e+07 2
624 -0.102314 1.658129 4.212792 -57.758 152.755 34.979 6.250e+07 2
625 -6.060326 -4.640471 3.033317 199.853 -0.044 39.023 6.250e+07 2
626 -0.761393 1.211056 5.135701 212.950 37.370 87.461 6.250e+07 2
627 3.276911 -4.541183 4.334513 27.735 127.295 -35.124 6.250e+07 2
628 -1.165988 0.662587 4.216488 237.051 -184.873 134.759 6.250e+07 2
629 13.756422 8.161075 1.936354 -99.198 47.222 14.350 6.250e+07 2
630 1.886852 4.831744 4.321245 -124.837 176.943 -12.348 6.250e+07 2
631 -0.643445 2.619690 4.520167 -155.932 231.700 71.687 6.250e+07 2
632 -3.115151 1.316667 4.547683 77.787 -305.446 54.218 6.250e+07 2
633 0.059645 1.529975 4.349557 39.649 123.936 2.525 6.250e+07 2
634 9.029891 2.996700 0.890672 -154.792 121.193 51.311 6.250e+07 2
635 -2.082879 8.071125 4.314705 -215.514 -96.772 -38.235 6.250e+07 2
636 8.735391 8.369834 4.408175 -85.919 167.767 -6.774 6.250e+07 2
637 -1.309879 1.524282 5.132243 9.651 -196.239 -70.505 6.250e+07 2
638 0.258237 0.286996 4.706527 126.022 -69.565 168.052 6.250e+07 2
639 3.420930 0.909799 3.947436 157.441 226.563 7.587 6.250e+07 2
640 1.629256 -0.159517 5.662239 199.654 100.842 61.847 6.250e+07 2
641 1.445649 0.341841 3.340516 36.513 152.042 47.141 6.250e+07 2
642 -0.877469 1.524078 4.312546 276.259 -160.648 64.823 6.250e+07 2
643 -1.227825 1.229850 4.628463 -54.268 65.273 130.751 6.250e+07 2
644 -1.663103 2.660341 4.608779 52.470 61.761 -154.379 6.250e+07 2
645 -1.013080 1.707542 4.249569 -91.473 191.917 405.872 6.250e+07 2
646 -0.054347 1.830842 5.045310 17.410 190.359 -134.549 6.250e+07 2
647 3.477227 2.805932 3.308983 -93.040 46.849 31.978 6.250e+07 2
648 -8.664174 -2.926378 2.217153 194.087 -41.885 60.941 6.250e+07 2
649 -1.196687 2.097215 4.597249 84.083 -56.837 -36.708 6.250e+07 2
650 -0.018255 0.260841 3.826577 270.063 51.920 -69.645 6.250e+07 2
651 2.071597 -1.147843 4.530971 156.811 147.350 62.206 6.250e+07 2
652 20.120109 -2.158553 1.879114 -2.148 62.734 -16.116 6.250e+07 2
653 -1.426441 1.969148 4.194313 -34.346 -28.188 8.873 6.250e+07 2
654 -0.873813 2.726214 3.631195 -131.294 -120.362 156.481 6.250e+07 2
655 -5.742090 -5.435865 3.970409 123.693 50.345 12.098 6.250e+07 2
656 -0.694693 3.350575 4.748131 -212.430 161.405 -78.698 6.250e+07 2
657 -9.156774 -7.709770 4.642802 125.551 -28.307 0.547 6.250e+07 2
658 0.129050 0.121554 1.178698 -68.968 107.854 268.322 6.250e+07 2
659 -0.881659 3.762534 4.401574 -204.545 203.597 165.764 6.250e+07 2
660 -1.440276 2.120680 4.309605 22.991 -61.054 270.605 6.250e+07 2
661 10.037594 1.580312 2.361695 16.926 167.837 5.694 6.250e+07 2
662 -0.936049 3.817580 4.622092 32.122 14.749 99.941 6.250e+07 2
663 -1.106594 3.568861 3.938994 -96.543 -165.208 35.653 6.250e+07 2
664 -0.878025 3.908733 4.534073 -234.825 -180.877 -5.836 6.250e+07 2
665 -0.272240 0.742033 3.844679 -30.562 243.619 73.137 6.250e+07 2
666 -5.707119 -0.735318 3.981067 116.783 -198.679 6.889 6.250e+07 2
667 -1.785830 2.233996 4.295050 64.129 -111.848 -286.960 6.250e+07 2
668 -0.842594 1.103139 4.992786 -0.662 131.192 31.767 6.250e+07 2
669 -0.613812 2.784699 3.606242 -98.163 68.530 17.363 6.250e+07 2
670 -0.711146 2.264331 4.216925 -79.727 129.490 213.211 6.250e+07 2
671 -3.311039 -5.293247 3.515831 111.279 28.036 85.602 6.250e+07 2
672 -0.494282 0.422660 4.316320 -47.729 116.560 57.211 6.250e+07 2
673 14.938953 2.159687 2.795937 -39.489 81.488 36.106 6.250e+07 2
674 -15.917991 -8.277006 5.462227 26.117 -102.517 14.875 6.250e+07 2
675 -1.104914 1.154896 4.283447 76.061 -76.003 235.560 6.250e+07 2
676 -4.641135 -8.167537 3.541950 122.835 -39.971 -19.963 6.250e+07 2
677 -2.279410 4.058945 4.795973 -118.649 109.807 74.674 6.250e+07 2
678 -1.249215 2.068461 3.859953 233.555 236.088 151.608 6.250e+07 2
679 -1.461360 3.276613 3.356011 -316.715 74.080 24.841 6.250e+07 2
680 14.850929 2.253461 2.828814 4.190 57.132 41.733 6.250e+07 2
681 10.084445 7.855163 5.102746 -106.325 206.979 2.083 6.250e+07 2
682 -1.315416 0.800292 4.483364 111.495 66.965 122.957 6.250e+07 2
683 2.736395 -1.493646 4.998551 101.194 136.406 27.279 6.250e+07 2
684 0.588065 -1.008654 2.802248 41.196 140.058 34.977 6.250e+07 2
685 -1.607491 3.647550 3.225663 -140.356 45.991 -37.051 6.250e+07 2
686 5.651157 3.769136 4.920258 -216.021 76.021 144.541 6.250e+07 2
687 -1.532246 0.686527 4.514594 -58.060 -234.098 -88.764 6.250e+07 2
688 2.627334 9.725361 4.598988 -169.630 48.721 -10.207 6.250e+07 2
689 -2.288109 2.125027 3.915788 181.209 -194.974 204.423 6.250e+07 2
690 -1.034995 2.941037 4.034549 57.388 71.475 32.637 6.250e+07 2
691 -0.564138 2.775052 4.605921 96.132 -99.505 -18.999 6.250e+07 2
692 1.669035 8.128792 3.557754 -81.462 132.065 -24.528 6.250e+07 2
693 10.236411 7.795205 0.454305 -109.618 14.417 47.519 6.250e+07 2
694 -6.802942 -9.030672 4.796360 71.316 -68.146 4.782 6.250e+07 2
695 -3.453620 1.722277 4.948546 26.858 -171.557 -76.685 6.250e+07 2
696 -7.520212 -3.037250 2.681506 165.670 -97.621 -5.529 6.250e+07 2
697 -13.573985 21.193282 2.184134 -58.933 -30.557 12.139 6.250e+07 2
698 -4.077843 5.410438 3.790459 -81.421 14.154 -2.532 6.250e+07 2
699 -5.853370 -3.410482 3.303744 -24.925 -117.149 76.154 6.250e+07 2
700 -2.169802 -6.929549 2.767172 88.877 132.739 62.094 6.250e+07 2
701 -0.918355 1.551179 3.273364 -163.306 22.410 -2.135 6.250e+07 2
702 5.616349 8.326448 5.251870 -164.497 93.815 42.443 6.250e+07 2
703 -1.337234 -4.975720 4.128725 240.229 -37.338 51.042 6.250e+07 2
704 -1.718147 1.618825 4.173885 32.492 -267.076 125.220 6.250e+07 2
705 0.443211 0.322907 4.059286 77.106 -72.960 -35.662 6.250e+07 2
706 -6.145437 2.261933 4.669203 -177.206 -93.254 36.948 6.250e+07 2
707 1.423355 3.467821 4.342579 -228.138 161.568 52.341 6.250e+07 2
708 -7.572984 -2.984484 3.901498 213.454 -46.010 66.054 6.250e+07 2
709 -0.266279 2.005746 4.403806 121.977 254.294 -55.146 6.250e+07 2
710 -1.890049 2.506346 4.439870 75.433 97.439 -74.527 6.250e+07 2
711 7.766761 5.314284 3.094811 -148.108 166.409 76.515 6.250e+07 2
712 -2.851053 -2.313224 3.640670 99.972 -163.162 57.071 6.250e+07 2
713 -1.224839 3.604667 3.605745 -344.814 53.754 -37.666 6.250e+07 2
714 -1.029715 3.343626 4.920919 -179.702 241.787 126.973 6.250e+07 2
715 7.376113 4.400978 2.484255 -161.765 166.118 62.923 6.250e+07 2
716 -0.714187 -19.135179 1.056586 11.516 97.705 20.877 6.250e+07 2
717 -1.110501 2.622062 4.360853 127.826 1.344 -67.847 6.250e+07 2
718 0.307585 10.309122 0.629364 -48.504 40.836 9.902 6.250e+07 2
719 -0.193276 -4.785675 2.967462 118.689 -119.977 -28.571 6.250e+07 2
720 0.197117 3.292643 4.906983 116.202 238.523 200.540 6.250e+07 2
721 -1.153460 2.088010 4.021576 -50.844 31.401 57.135 6.250e+07 2
722 -2.236079 4.430403 4.328948 -8.363 -204.615 45.349 6.250e+07 2
723 -1.230250 1.116444 4.481528 78.545 -66.583 16.377 6.250e+07 2
724 -0.483639 2.059907 4.179284 215.184 -85.642 173.553 6.250e+07 2
725 1.684183 6.327087 3.466093 -165.851 136.845 24.110 6.250e+07 2
726 -8.101561 -2.988861 3.816144 187.906 -23.090 42.905 6.250e+07 2
727 5.189334 -1.631535 2.153032 -44.315 197.915 66.435 6.250e+07 2
728 -1.158762 2.113391 4.576943 -12.196 -153.486 -70.524 6.250e+07 2
729 -0.999856 2.347160 4.371879 -272.409 -161.659 63.901 6.250e+07 2
730 -1.655614 1.976301 4.329347 2.064 -82.714 -111.225 6.250e+07 2
731 45.458396 -64.771288 -22.515421 181.570 -259.104 -92.772 6.250e+07 2
732 -2.199927 2.381540 4.350581 84.563 -118.146 65.109 6.250e+07 2
733 -8.691772 -5.225083 2.005277 48.596 -102.597 33.799 6.250e+07 2
734 -1.467016 1.865269 4.052856 100.507 -152.888 -89.250 6.250e+07 2
735 -1.212242 1.590304 4.734124 -145.839 -5.134 -129.767 6.250e+07 2
736 2.710913 -1.881531 3.635746 71.780 5.083 67.845 6.250e+07 2
737 -5.604693 6.347995 -0.566000 -60.674 110.967 -123.955 6.250e+07 2
738 -2.262967 4.147766 4.454507 -259.696 -3.836 117.112 6.250e+07 2
739 1.490161 -2.590244 4.126469 182.605 23.794 -11.032 6.250e+07 2
740 -0.131901 1.135588 3.598524 -53.512 142.652 99.632 6.250e+07 2
741 -4.886578 2.371445 4.901785 -48.995 -141.058 37.713 6.250e+07 2
742 -1.380734 1.152473 4.682638 238.287 195.742 -129.166 6.250e+07 2
743 2.229179 0.570233 3.160041 25.836 162.276 -21.593 6.250e+07 2
744 -0.042719 0.411927 4.622073 121.059 55.697 22.637 6.250e+07 2
745 -1.198859 0.290748 3.515514 263.493 -81.893 115.232 6.250e+07 2
746 -1.055463 1.716079 3.903689 226.436 44.976 89.915 6.250e+07 2
747 15.968273 8.062546 1.682648 -89.994 42.735 22.999 6.250e+07 2
748 2.856351 -5.420017 2.853395 93.302 -2.889 -1.329 6.250e+07 2
749 -3.614929 2.891049 4.026535 29.383 -273.021 38.287 6.250e+07 2
750 -26.267393 89.590263 -5.623713 -111.240 372.537 -20.386 6.250e+07 2
751 -0.889136 2.661680 4.195296 -159.305 150.005 -84.146 6.250e+07 2
752 -0.931675 1.476433 4.339489 282.969 -71.082 21.007 6.250e+07 2
753 -0.983472 2.702889 3.911893 -44.297 -186.680 6.438 6.250e+07 2
754 -1.254771 3.591032 3.395017 1.585 100.953 56.259 6.250e+07 2
755 -4.423565 2.252704 4.680264 98.378 -171.911 -56.968 6.250e+07 2
756 8.636593 6.726607 2.428323 -116.122 114.380 52.842 6.250e+07 2
757 -0.951729 1.896813 4.902478 42.288 -3.945 -77.197 6.250e+07 2
758 -0.713313 5.368956 4.785428 -194.664 110.686 -28.448 6.250e+07 2
759 0.646146 3.938835 4.039652 -233.951 99.098 61.136 6.250e+07 2
760 -0.719141 2.276657 4.486512 -76.068 235.763 184.444 6.250e+07 2
761 -0.622885 6.733579 2.612470 -126.949 38.676 39.964 6.250e+07 2
762 -2.341013 -0.246390 4.223999 1.880 164.974 -120.404 6.250e+07 2
763 -1.921648 3.239554 4.934845 -109.441 -146.492 217.632 6.250e+07 2
764 -1.560359 5.778417 4.009871 -62.935 -81.438 7.354 6.250e+07 2
765 -1.024208 3.961688 4.097412 -99.004 169.443 -65.181 6.250e+07 2
766 -1.769018 5.522264 4.193212 -131.507 -3.572 -36.502 6.250e+07 2
767 -2.291223 2.941549 3.184970 37.350 -227.384 106.804 6.250e+07 2
768 -0.999137 1.483990 3.958710 -33.261 -70.576 -102.956 6.250e+07 2
769 -0.018949 1.985494 4.003622 277.703 -74.506 134.378 6.250e+07 2
770 2.129745 8.246865 3.548903 -30.479 29.270 -18.601 6.250e+07 2
771 -1.470671 2.737099 4.241803 172.819 13.601 7.085 6.250e+07 2
772 1.705568 1.474476 2.933642 -27.340 278.894 -12.495 6.250e+07 2
773 -0.777288 1.784469 4.224502 -4.486 212.034 184.197 6.250e+07 2
774 -0.216787 0.748664 4.043586 42.599 63.594 -28.370 6.250e+07 2
775 -1.504952 3.417546 4.814056 -211.581 -164.075 66.889 6.250e+07 2
776 -2.076024 2.255490 4.331592 -26.277 -103.326 90.842 6.250e+07 2
777 10.846317 -5.738049 1.462351 13.081 172.048 20.477 6.250e+07 2
778 -1.865006 -3.383908 5.149123 89.971 -85.834 42.379 6.250e+07 2
779 -0.417515 2.642506 5.244074 24.883 206.265 -85.778 6.250e+07 2
780 8.343034 6.282588 3.036237 -121.354 110.621 -22.080 6.250e+07 2
781 -0.744033 2.349770 4.250716 80.847 374.134 -36.639 6.250e+07 2
782 8.921774 5.610083 3.491692 -180.403 118.842 -13.649 6.250e+07 2
783 -1.180223 -4.240522 2.750191 144.209 64.979 77.997 6.250e+07 2
784 -1.418769 3.576873 4.416522 -15.277 71.605 60.509 6.250e+07 2
785 2.233829 1.811596 4.565224 131.283 179.288 -1.775 6.250e+07 2
786 -3.592176 2.915212 3.486568 -266.139 -80.387 177.547 6.250e+07 2
787 -4.453813 4.800445 3.465299 -185.071 -153.921 35.155 6.250e+07 2
788 -1.412375 1.669657 4.525062 239.953 85.845 -45.200 6.250e+07 2
789 1.690046 -1.913924 4.287419 77.038 198.731 6.227 6.250e+07 2
790 -1.601926 1.680465 3.952296 28.692 -234.763 -87.593 6.250e+07 2
791 -1.094575 3.001015 4.269283 -53.617 208.383 44.094 6.250e+07 2
792 1.936806 7.939861 4.646189 -213.156 172.242 14.184 6.250e+07 2
793 -1.986037 2.000511 3.460526 -6.616 -34.792 -42.892 6.250e+07 2
794 -0.726654 2.791966 4.568477 38.607 180.310 23.810 6.250e+07 2
795 -4.768700 -5.959442 3.490236 138.440 -58.777 37.047 6.250e+07 2
796 -1.579802 2.688106 4.018377 25.487 -203.251 170.174 6.250e+07 2
797 -2.758736 5.061830 4.204154 -199.583 -170.091 72.089 6.250e+07 2
798 -1.745134 1.047372 4.837543 104.880 -8.244 -45.008 6.250e+07 2
799 -3.630979 3.709360 1.235829 -24.961 -20.268 50.782 6.250e+07 2
800 8.040396 5.746898 2.299643 -175.779 66.776 30.383 6.250e+07 2
801 -2.805230 2.557601 4.597092 58.333 -79.808 -211.918 6.250e+07 2
802 0.016070 0.459671 4.080343 82.799 -24.502 -9.032 6.250e+07 2
803 -5.317759 -4.194419 5.090242 201.130 -120.322 64.853 6.250e+07 2
804 -1.994131 -16.680336 5.152351 63.234 -43.569 9.540 6.250e+07 2
805 -1.745793 0.580842 3.628858 72.373 200.021 16.545 6.250e+07 2
806 -1.250265 5.940479 3.977069 -295.798 40.848 60.197 6.250e+07 2
807 5.438528 3.841204 3.420966 34.808 171.635 -8.278 6.250e+07 2
808 -4.267889 -4.756203 4.033265 122.512 -106.417 61.595 6.250e+07 2
809 0.659532 -0.295739 3.852253 99.458 142.479 -20.935 6.250e+07 2
810 0.463881 -4.016878 2.880124 78.438 87.879 39.877 6.250e+07 2
811 14.627783 -1.616543 4.133216 16.419 170.919 17.086 6.250e+07 2
812 -4.935404 0.906796 2.977645 -24.432 -243.885 -11.598 6.250e+07 2
813 -3.685962 -2.460509 5.741869 171.765 -67.531 47.714 6.250e+07 2
814 -0.937825 0.670210 4.319162 99.993 -222.939 -6.393 6.250e+07 2
815 -1.670005 -2.767215 3.508753 124.380 48.150 -31.579 6.250e+07 2
816 -0.928070 1.464038 5.283882 98.644 149.026 -93.560 6.250e+07 2
817 -1.477691 2.240755 4.346730 17.488 -95.628 35.813 6.250e+07 2
818 -7.451135 -2.888452 2.820759 145.399 -157.091 69.073 6.250e+07 2
819 -2.605419 6.616869 4.085415 -196.558 22.460 -75.285 6.250e+07 2
820 -1.709216 -6.790911 4.313299 80.051 23.296 -22.547 6.250e+07 2
821 6.050488 6.577660 3.688570 -156.756 160.334 -17.666 6.250e+07 2
822 -1.807562 2.550222 4.339704 -218.913 -5.117 16.794 6.250e+07 2
823 -1.119064 3.447930 4.582510 -23.250 122.563 -40.828 6.250e+07 2
824 5.466266 6.584231 5.885543 -192.034 97.126 89.724 6.250e+07 2
825 3.868331 5.468179 3.302243 -85.344 215.362 23.724 6.250e+07 2
826 -1.187075 2.597546 4.395533 -132.016 -206.712 197.564 6.250e+07 2
827 -9.075731 -14.295148 3.346973 81.171 -34.934 -6.169 6.250e+07 2
828 -2.208798 1.334770 4.080614 227.105 -32.913 122.224 6.250e+07 2
829 -1.287172 -4.041632 2.526683 137.564 -97.508 32.495 6.250e+07 2
830 -3.421579 -0.288609 3.517073 10.377 -205.124 10.420 6.250e+07 2
831 -3.185704 1.478790 4.029607 52.692 -244.409 51.218 6.250e+07 2
832 -1.894368 1.622432 4.501807 -157.452 -244.400 109.175 6.250e+07 2
833 -3.433492 2.078951 4.612107 50.323 -181.958 65.782 6.250e+07 2
834 -1.125849 1.488563 3.513414 208.029 -3.821 -10.395 6.250e+07 2
835 -1.621874 2.275028 4.195017 -57.182 -250.645 49.885 6.250e+07 2
836 -1.030490 2.416857 3.892129 -112.743 -27.338 -122.896 6.250e+07 2
837 -1.905807 2.433702 3.703272 14.766 -17.562 -17.949 6.250e+07 2
838 -0.739174 2.383110 4.352704 -26.448 194.906 -25.784 6.250e+07 2
839 -0.031634 4.499147 3.930048 -84.897 128.843 -10.572 6.250e+07 2
840 -1.002824 2.508289 3.940797 -65.798 103.768 -50.372 6.250e+07 2
841 8.862790 5.786719 2.864096 -81.800 80.283 -5.552 6.250e+07 2
842 -2.471769 4.323358 4.036096 -22.645 -230.745 171.122 6.250e+07 2
843 -4.373447 0.401725 3.562770 10.980 -63.935 36.069 6.250e+07 2
844 5.399233 -5.188108 8.777178 -6.748 10.125 -1.462 6.250e+07 2
845 -0.850586 2.368293 4.362507 -242.352 38.225 73.085 6.250e+07 2
846 -1.008154 8.624768 4.702340 -147.040 111.363 -6.868 6.250e+07 2
847 9.195473 4.163707 2.977521 -112.103 96.299 58.592 6.250e+07 2
848 -1.151348 -0.762818 4.208760 209.184 -125.619 13.600 6.250e+07 2
849 1.713182 0.140301 4.824131 232.401 266.314 -51.064 6.250e+07 2
850 -1.115250 2.586408 4.554614 -27.853 -256.731 -128.472 6.250e+07 2
851 -1.551015 4.633659 4.417290 -144.946 -113.998 -69.793 6.250e+07 2
852 2.036986 5.628271 4.671602 -2.918 197.046 -0.166 6.250e+07 2
853 -1.144238 1.891222 4.523391 90.754 71.910 -66.800 6.250e+07 2
854 -5.433477 -3.624469 3.628772 80.900 6.182 8.762 6.250e+07 2
855 -1.836013 -1.318569 4.314912 179.463 -37.908 57.474 6.250e+07 2
856 -1.550696 2.422998 4.342944 -156.684 18.256 3.744 6.250e+07 2
857 -6.561334 5.407995 3.906358 -185.844 -33.650 4.293 6.250e+07 2
858 -0.288256 1.199933 3.566974 -28.256 29.217 37.376 6.250e+07 2
859 -5.621571 -2.014833 3.332204 221.328 -63.653 90.727 6.250e+07 2
860 1.583053 -1.237978 3.789406 30.885 167.166 -63.919 6.250e+07 2
861 -0.262521 4.881651 4.536542 -192.047 109.406 -202.129 6.250e+07 2
862 2.186293 -1.587395 3.696265 83.903 53.041 31.148 6.250e+07 2
863 6.841959 2.351488 1.863725 -3.523 205.307 50.491 6.250e+07 2
864 -2.152190 3.652563 4.005890 -80.045 105.002 133.756 6.250e+07 2
865 -1.593359 0.786472 4.767195 245.326 -77.580 91.606 6.250e+07 2
866 0.205742 3.206219 4.838560 -209.311 309.494 -8.947 6.250e+07 2
867 0.857447 9.132509 6.919700 -66.034 -64.027 -32.355 6.250e+07 2
868 -7.853061 -8.738748 3.667389 80.491 22.742 2.494 6.250e+07 2
869 -1.181804 2.264137 4.158529 172.410 290.293 -126.453 6.250e+07 2
870 -2.232237 2.176333 4.332773 89.306 -184.534 119.219 6.250e+07 2
871 -0.263256 1.458153 4.996182 171.140 -133.902 -65.950 6.250e+07 2
872 -1.694118 2.214031 3.971618 62.181 -40.872 24.298 6.250e+07 2
873 0.169536 0.767811 6.227780 85.558 215.586 10.130 6.250e+07 2
874 4.098903 1.798926 5.638134 98.584 247.760 75.311 6.250e+07 2
875 -1.025834 1.960867 4.107037 91.614 -234.558 -161.913 6.250e+07 2
876 2.877291 2.491679 4.658274 4.213 104.437 -79.900 6.250e+07 2
877 -5.715382 -3.059561 4.674597 128.052 -125.491 68.522 6.250e+07 2
878 -0.152565 10.310674 3.798628 -192.223 -10.403 -3.898 6.250e+07 2
879 -5.597114 1.420724 3.849898 15.519 -102.908 0.693 6.250e+07 2
880 -1.199834 0.841684 2.798599 -23.580 -211.407 -161.601 6.250e+07 2
881 -2.385188 2.118297 4.613682 -12.333 -202.399 -59.517 6.250e+07 2
882 -0.576066 4.795353 3.299408 -135.247 231.621 155.471 6.250e+07 2
883 -4.893061 -0.492500 4.691205 74.075 -189.192 75.695 6.250e+07 2
884 -1.587393 2.469631 4.387270 13.702 -156.201 -143.601 6.250e+07 2
885 0.657515 3.716168 4.489254 -199.811 314.126 -1.324 6.250e+07 2
886 -1.868496 2.228395 4.448780 264.249 -283.493 17.530 6.250e+07 2
887 -13.561156 -11.191933 4.636460 45.957 -60.604 13.862 6.250e+07 2
888 -0.037495 0.714087 3.974304 -20.455 235.047 197.613 6.250e+07 2
889 0.718133 0.712977 4.790331 68.812 243.918 13.150 6.250e+07 2
890 -11.097594 -3.608264 2.425436 123.160 -45.812 77.496 6.250e+07 2
891 -0.693644 -2.389352 2.607734 103.076 75.375 1.565 6.250e+07 2
892 -1.691300 2.271662 3.987680 -77.790 -13.684 -58.602 6.250e+07 2
893 -5.036824 2.327618 4.253531 55.256 20.614 6.072 6.250e+07 2
894 1.756213 1.201704 4.025689 -15.119 301.325 -79.105 6.250e+07 2
895 2.449229 0.087120 3.155906 -21.858 263.434 36.974 6.250e+07 2
896 8.389429 6.151924 3.511800 -123.392 72.004 58.319 6.250e+07 2
897 -1.200597 3.175200 4.588933 -53.887 -99.132 35.787 6.250e+07 2
898 -0.388854 -1.232901 4.968448 160.766 77.595 100.752 6.250e+07 2
899 1.783177 2.982103 3.888023 -80.696 279.871 -21.899 6.250e+07 2
900 -0.852691 3.622270 4.804126 -19.175 41.910 47.908 6.250e+07 2
901 -2.690510 -4.162039 3.751710 96.122 43.334 26.541 6.250e+07 2
902 0.170967 1.629472 4.272150 -20.810 180.272 105.872 6.250e+07 2
903 -1.051413 1.653008 4.170104 -10.214 54.856 -10.683 6.250e+07 2
904 -0.205308 0.476973 4.253151 7.535 -41.291 39.118 6.250e+07 2
905 -1.489394 2.767386 4.022914 -301.866 -203.251 -13.511 6.250e+07 2
906 -3.594532 3.009577 5.190829 -39.318 -209.081 82.676 6.250e+07 2
907 -1.745046 2.235197 2.404820 -88.030 -41.347 143.066 6.250e+07 2
908 -1.479059 1.689164 4.039836 271.276 -204.393 173.595 6.250e+07 2
909 -0.288756 1.877297 4.414258 -27.757 210.709 79.163 6.250e+07 2
910 4.787589 -3.358264 4.440354 76.049 89.196 -39.665 6.250e+07 2
911 -0.042981 2.243461 3.341165 102.057 49.678 115.974 6.250e+07 2
912 -3.020380 1.216638 5.677695 51.462 -47.203 32.897 6.250e+07 2
913 -1.076395 2.743361 4.143045 -25.547 -144.269 291.336 6.250e+07 2
914 -1.033791 2.390528 4.234732 -58.945 -120.257 55.801 6.250e+07 2
915 -1.366783 1.426450 4.266943 151.774 54.210 9.765 6.250e+07 2
916 1.713034 6.397202 2.933267 -141.196 65.631 28.317 6.250e+07 2
917 -4.586958 -0.456563 5.172218 74.894 68.595 -84.156 6.250e+07 2
918 -6.429384 -4.626013 4.270071 162.891 -118.143 36.627 6.250e+07 2
919 3.578628 4.126267 3.693398 -65.155 114.404 -3.021 6.250e+07 2
920 -7.257039 11.104572 2.831134 -10.089 -79.572 5.337 6.250e+07 2
921 65.571505 39.395998 22.403860 254.504 154.780 95.193 6.250e+07 2
922 -1.397000 2.892087 3.823389 -69.397 -115.510 292.938 6.250e+07 2
923 -1.506571 3.552923 4.045561 -221.444 3.165 192.466 6.250e+07 2
924 -1.712868 2.363443 4.326939 281.669 -200.337 -72.720 6.250e+07 2
925 3.151152 2.862120 3.766722 -24.962 108.812 8.061 6.250e+07 2
926 -1.449906 2.558382 3.775990 170.242 60.904 -117.653 6.250e+07 2
927 7.460786 6.850484 2.480946 -121.684 187.813 21.451 6.250e+07 2
928 4.883835 5.812200 4.194984 -137.266 104.341 -0.101 6.250e+07 2
929 -1.638492 1.457273 4.463764 78.690 29.074 142.871 6.250e+07 2
930 -2.938556 4.789165 3.314088 -193.776 -48.254 -82.073 6.250e+07 2
931 -1.578040 -2.339802 5.492262 139.847 -160.950 8.111 6.250e+07 2
932 -1.043695 1.624403 4.304314 115.130 8.487 1.946 6.250e+07 2
933 9.377633 19.007137 4.698156 -50.007 141.756 24.200 6.250e+07 2
934 -1.417908 3.040264 4.435838 -177.398 104.855 108.712 6.250e+07 2
935 120.467026 89.834792 12.639224 553.766 412.739 60.177 6.250e+07 2
936 -1.169147 1.603258 3.865880 227.767 59.429 -181.134 6.250e+07 2
937 -0.311601 1.474165 4.936309 -31.634 7.385 -2.937 6.250e+07 2
938 -0.704659 2.014327 4.112857 347.551 80.774 -80.569 6.250e+07 2
939 -1.219480 2.784887 4.640675 -205.939 64.589 -66.101 6.250e+07 2
940 -1.833187 -3.816843 2.904924 122.153 66.709 2.115 6.250e+07 2
941 3.329455 2.156272 5.184570 93.789 195.767 -52.419 6.250e+07 2
942 -4.620721 -0.417182 5.188048 93.330 77.474 -77.637 6.250e+07 2
943 -9.757692 -13.537027 4.844789 50.943 -3.564 21.056 6.250e+07 2
944 2.791143 3.020070 5.009124 -74.555 162.665 -77.532 6.250e+07 2
945 1.749703 5.690293 4.545699 -312.795 163.768 78.072 6.250e+07 2
946 -8.264225 -4.002654 1.795142 139.570 15.985 34.167 6.250e+07 2
947 -0.170954 2.874300 4.127944 -119.609 320.550 8.046 6.250e+07 2
948 -1.249538 1.451331 4.758230 188.244 102.515 -246.108 6.250e+07 2
949 -2.062773 -0.963873 3.058354 157.156 -202.903 -45.413 6.250e+07 2
950 -1.804878 4.015505 3.906549 -78.032 160.757 -46.798 6.250e+07 2
951 -1.697843 2.106955 4.796766 -139.434 108.465 106.363 6.250e+07 2
952 3.000246 1.396137 3.615964 -51.372 115.129 -26.186 6.250e+07 2
953 8.906834 6.279083 4.238353 -95.350 113.529 28.721 6.250e+07 2
954 -43.745885 109.786909 -17.645861 -194.187 485.977 -78.556 6.250e+07 2
955 -2.676093 3.969532 5.803510 -97.426 -174.625 56.287 6.250e+07 2
956 -0.706086 2.516610 4.258303 -22.862 155.636 -90.109 6.250e+07 2
957 -0.420301 1.433665 4.440496 76.340 -159.909 -25.274 6.250e+07 2
958 8.350423 6.835957 3.383568 -124.963 127.674 33.670 6.250e+07 2
959 1.553931 6.664537 4.451034 -148.362 123.428 69.056 6.250e+07 2
960 -1.541074 -8.449390 5.195095 118.789 -11.369 2.766 6.250e+07 2
961 -0.710747 0.822233 4.156407 200.280 196.903 103.071 6.250e+07 2
962 -1.464513 2.643788 4.150548 6.544 -100.471 60.330 6.250e+07 2
963 0.122241 -0.214520 3.732249 40.755 154.755 60.197 6.250e+07 2
964 -1.123774 2.388450 4.418140 77.040 -296.532 -73.904 6.250e+07 2
965 1.940066 -4.496817 4.902007 119.679 10.922 -26.744 6.250e+07 2
966 6.149467 3.467267 2.832030 75.730 94.493 94.460 6.250e+07 2
967 -1.830181 2.488591 3.719191 -240.311 134.501 124.624 6.250e+07 2
968 -10.935700 -5.742692 1.909693 13.431 -99.503 -22.629 6.250e+07 2
969 -6.155180 -7.547090 3.170905 91.850 -98.123 1.999 6.250e+07 2
970 -2.087880 1.897741 4.570550 -164.043 -127.086 155.573 6.250e+07 2
971 -2.085658 2.324588 4.407677 -221.562 107.940 -21.411 6.250e+07 2
972 -1.113055 3.321097 4.704988 96.951 33.091 155.575 6.250e+07 2
973 -1.284760 3.221509 4.494824 -335.932 -134.929 -64.836 6.250e+07 2
974 0.098035 3.810953 5.336344 -167.472 163.251 45.989 6.250e+07 2
975 -1.033195 2.348509 4.302668 -115.419 -42.450 126.503 6.250e+07 2
976 -1.202310 1.772174 4.240017 182.357 39.893 43.412 6.250e+07 2
977 -0.936730 1.616709 4.233985 227.879 281.948 -102.423 6.250e+07 2
978 -2.232001 4.285173 3.598393 -165.563 -149.365 -27.382 6.250e+07 2
979 -2.379423 4.110791 4.213197 -71.318 -210.215 -79.739 6.250e+07 2
980 -0.049467 1.109176 3.916449 72.305 126.383 155.645 6.250e+07 2
981 -5.889813 -2.810659 4.022087 214.424 -127.829 20.311 6.250e+07 2
982 -2.181863 2.109154 4.396444 307.474 -139.034 172.692 6.250e+07 2
983 -0.587410 2.182583 4.183274 -99.652 172.962 35.393 6.250e+07 2
984 -1.559168 2.418439 4.365815 253.475 -176.588 157.416 6.250e+07 2
985 -1.731038 4.669245 4.320967 -263.451 -5.838 24.148 6.250e+07 2
986 -0.587818 4.759057 4.166952 -156.522 3.223 77.734 6.250e+07 2
987 5.661485 5.781027 5.382893 -173.128 77.872 -13.394 6.250e+07 2
988 11.712190 6.539794 2.885588 18.836 188.880 -40.950 6.250e+07 2
989 -1.657429 3.076774 4.037514 -48.996 -2.690 62.646 6.250e+07 2
990 -1.526312 2.858672 5.003715 187.266 114.414 35.302 6.250e+07 2
991 -1.603129 -4.598691 2.407187 109.236 -87.705 -48.639 6.250e+07 2
992 9.342094 9.532494 4.964611 -113.243 50.826 14.980 6.250e+07 2
993 -1.343522 1.018353 4.480146 229.417 -120.583 -22.682 6.250e+07 2
994 -1.498421 -4.737503 1.977821 40.859 67.562 -3.127 6.250e+07 2
995 -2.921908 1.688791 3.274806 -103.513 -41.501 -182.060 6.250e+07 2
996 -2.101826 4.785796 5.919043 -69.551 -2.818 -27.829 6.250e+07 2
997 3.082383 -1.312955 4.921461 217.966 74.657 32.137 6.250e+07 2
998 -2.303550 4.528905 3.586356 -282.596 -71.923 -89.114 6.250e+07 2
999 -2.647982 1.260169 4.324268 -105.115 -213.481 -57.113 6.250e+07 2
