# MOND N-body snapshot at t = 0.400 Gyr
# id x(kpc) y(kpc) z(kpc) vx(km/s) vy(km/s) vz(km/s) mass(M_sun) type
0 -3.631455 -3.801287 8.546910 -13.425 150.243 -347.384 5.000e+07 1
1 -0.105082 -4.223802 7.033409 -72.156 71.403 48.930 5.000e+07 1
2 -0.921141 -2.616296 8.927555 65.200 -91.771 3.339 5.000e+07 1
3 -1.882388 -7.184584 16.640205 -25.123 -1.939 151.524 5.000e+07 1
4 -1.518979 -4.459529 7.848161 -11.980 209.859 106.761 5.000e+07 1
5 -7.209606 0.025168 9.104707 -206.834 226.720 -15.875 5.000e+07 1
6 -3.961448 -4.079708 8.231608 152.019 -319.968 -285.302 5.000e+07 1
7 -6.693900 -3.859767 10.572795 2.393 -67.940 -124.595 5.000e+07 1
8 13.837641 -23.867773 -14.725862 35.137 -83.290 -38.565 5.000e+07 1
9 -16.908906 12.781526 2.106633 -146.242 126.800 -25.324 5.000e+07 1
10 -4.881472 -4.131729 7.875053 121.688 -128.333 -174.760 5.000e+07 1
11 -3.612227 -2.703329 7.886917 -102.037 173.900 53.497 5.000e+07 1
12 -3.371202 -2.895741 5.460160 -27.825 -100.483 83.056 5.000e+07 1
13 -3.377036 -7.374614 9.838103 48.130 138.927 126.386 5.000e+07 1
14 -3.211528 -7.549233 8.630811 25.376 -73.111 -42.935 5.000e+07 1
15 -3.714480 -4.173620 8.134420 -236.871 110.129 206.570 5.000e+07 1
16 -6.909167 -5.707667 8.117314 27.996 -60.056 55.500 5.000e+07 1
17 -0.606638 -10.921645 9.827840 23.873 61.017 -20.753 5.000e+07 1
18 0.870443 -7.182313 7.673195 -49.058 34.678 138.923 5.000e+07 1
19 -7.731391 -6.710249 7.077381 216.731 -58.318 -74.724 5.000e+07 1
20 -4.410843 -4.364292 7.482634 163.421 163.632 -21.249 5.000e+07 1
21 -5.270547 -5.521193 8.911703 149.768 98.066 -23.678 5.000e+07 1
22 -5.308459 -5.137386 8.336015 29.074 -124.978 77.430 5.000e+07 1
23 -2.096233 -5.600235 5.094939 -213.318 45.829 41.798 5.000e+07 1
24 -12.505734 6.878194 16.219826 -19.529 29.505 23.814 5.000e+07 1
25 -4.361989 -5.537755 8.276943 264.794 73.707 -35.583 5.000e+07 1
26 362.025110 -203.216487 365.205162 -19.638 10.876 -6.490 5.000e+07 1
27 -4.540346 -6.233866 8.466329 85.845 -114.869 96.553 5.000e+07 1
28 -4.410175 -1.785252 9.029086 -224.623 -253.796 30.751 5.000e+07 1
29 -3.234166 -6.711395 9.560583 -30.394 -36.185 157.572 5.000e+07 1
30 0.153373 -2.375159 8.120205 -25.265 -45.779 146.819 5.000e+07 1
31 -1.368713 -4.593541 6.594968 -40.372 130.448 156.000 5.000e+07 1
32 -9.818429 -2.289049 7.515100 -57.625 7.235 14.425 5.000e+07 1
33 -3.380975 -4.185596 8.145547 -51.329 -191.375 147.346 5.000e+07 1
34 -9.189572 -5.363644 5.227409 18.363 12.437 -3.831 5.000e+07 1
35 -4.699032 1.256343 3.688501 -110.422 -34.653 44.488 5.000e+07 1
36 -3.825995 -2.282278 7.238405 -294.252 -144.918 39.470 5.000e+07 1
37 3.051602 -76.388886 61.550492 -7.045 106.580 -56.102 5.000e+07 1
38 -3.071957 -4.042413 8.244324 -16.388 61.051 153.336 5.000e+07 1
39 -4.220315 -2.733509 8.210614 -36.386 50.682 49.967 5.000e+07 1
40 0.409335 -10.998777 7.885160 128.957 146.648 10.677 5.000e+07 1
41 -3.196324 -3.229792 8.387075 -151.220 -54.249 21.194 5.000e+07 1
42 -2.674855 -5.369149 7.067382 60.192 171.205 -5.145 5.000e+07 1
43 -4.473787 -5.047698 8.171673 60.249 -87.934 65.109 5.000e+07 1
44 -3.704958 -3.093466 7.799535 13.135 -162.892 13.626 5.000e+07 1
45 -6.672510 -6.361700 8.490111 63.400 16.575 -32.356 5.000e+07 1
46 -5.314306 -5.141028 9.053132 -21.702 -127.085 -8.845 5.000e+07 1
47 -8.932537 -4.089791 10.999864 -207.021 46.253 192.666 5.000e+07 1
48 -7.756645 -2.179158 7.877209 -84.325 -170.377 104.479 5.000e+07 1
49 -4.213685 -3.267501 8.726861 146.197 -65.920 -276.003 5.000e+07 1
50 -4.918394 -5.616565 7.948818 -128.709 -109.330 98.635 5.000e+07 1
51 -5.175699 -4.705773 8.860806 -202.774 192.531 -41.578 5.000e+07 1
52 -2.996349 -4.032066 8.031253 -111.493 -7.897 237.388 5.000e+07 1
53 -3.069534 -3.823353 8.968709 -246.590 150.578 -96.473 5.000e+07 1
54 -4.939166 -2.313678 7.366357 -85.934 -40.716 306.347 5.000e+07 1
55 -6.329584 -4.725158 3.663609 27.459 -72.603 -53.684 5.000e+07 1
56 -3.445662 -3.951935 8.166386 -38.160 -18.364 111.203 5.000e+07 1
57 2.294888 -3.652616 38.468656 -71.439 45.763 -211.203 5.000e+07 1
58 1.812372 -4.429619 9.705562 -189.123 17.491 87.238 5.000e+07 1
59 -32.202492 -24.892456 11.232568 -161.661 -111.869 44.322 5.000e+07 1
60 -2.786913 -5.984392 4.406548 47.227 -150.218 -155.445 5.000e+07 1
61 -3.445414 -1.800491 7.999146 -195.869 33.808 -21.160 5.000e+07 1
62 -5.084145 -3.675380 9.366483 251.172 -253.899 -70.276 5.000e+07 1
63 -1.518178 -0.691414 8.305614 -239.600 -74.794 -65.351 5.000e+07 1
64 -4.749815 -4.734166 10.329460 -59.179 -125.527 -84.028 5.000e+07 1
65 -5.540067 -5.547860 9.789446 248.485 -146.585 86.581 5.000e+07 1
66 -4.240125 -4.051411 8.259539 -38.832 -32.834 35.279 5.000e+07 1
67 -3.990022 -4.459652 7.972518 3.876 -239.655 61.206 5.000e+07 1
68 -5.351135 -5.104614 8.612888 166.903 -56.122 111.390 5.000e+07 1
69 -4.250437 -4.332054 7.946599 148.041 131.333 -18.909 5.000e+07 1
70 -4.348440 -4.438440 8.316246 408.465 -159.920 110.651 5.000e+07 1
71 -6.954214 -4.906262 9.009873 -158.808 -163.853 13.025 5.000e+07 1
72 -4.368917 -3.655183 8.440525 240.481 -72.348 220.451 5.000e+07 1
73 46.995981 39.916222 -15.333568 -97.992 -84.648 75.843 5.000e+07 1
74 -3.569154 -15.078672 13.782921 21.737 10.382 7.395 5.000e+07 1
75 -3.587634 -3.745765 8.141639 139.895 39.758 142.514 5.000e+07 1
76 -4.419652 -4.933322 8.389018 -44.296 84.903 -173.881 5.000e+07 1
77 -7.866501 -3.015468 8.327542 -46.001 -104.548 147.414 5.000e+07 1
78 -0.900176 -4.170277 9.950938 -111.566 71.277 167.368 5.000e+07 1
79 -2.509247 6.670910 -0.683996 -13.848 -64.967 -23.706 5.000e+07 1
80 -4.694010 -1.001879 21.485416 -42.035 14.607 175.037 5.000e+07 1
81 -3.628203 -3.609342 9.150851 -41.719 -2.114 -8.173 5.000e+07 1
82 -3.348234 -3.878973 8.500224 224.660 118.121 -173.562 5.000e+07 1
83 -3.918951 -4.751469 9.057792 154.026 158.847 56.351 5.000e+07 1
84 4.230655 -0.632691 8.638741 17.416 -34.928 109.337 5.000e+07 1
85 -3.567374 -3.109494 8.708762 -55.160 147.289 209.960 5.000e+07 1
86 -3.256681 -2.167601 8.456839 -15.309 164.203 -126.294 5.000e+07 1
87 -6.329421 -6.735976 6.196833 -72.353 -112.338 -156.965 5.000e+07 1
88 -4.255766 -2.656928 7.756886 195.814 -114.183 207.976 5.000e+07 1
89 -4.028406 -3.802781 8.739224 -205.395 157.633 -20.806 5.000e+07 1
90 -3.301226 -5.198933 7.834711 17.984 57.459 335.525 5.000e+07 1
91 -2.222580 -2.724950 9.134179 -49.078 -62.645 61.266 5.000e+07 1
92 -3.784258 -3.398476 9.529821 -155.947 132.887 205.767 5.000e+07 1
93 -4.223906 -3.998978 8.655081 199.253 -259.830 -81.948 5.000e+07 1
94 -4.354725 -6.107094 8.072329 231.146 30.577 36.358 5.000e+07 1
95 -4.039795 -3.695902 8.576623 111.149 -0.090 46.286 5.000e+07 1
96 -3.780377 -3.894311 8.473132 -133.762 156.750 60.049 5.000e+07 1
97 -2.014890 -1.069014 8.474510 -61.346 -72.857 -74.638 5.000e+07 1
98 -3.871160 11.125219 9.735442 -20.131 70.586 -22.150 5.000e+07 1
99 -9.283653 -4.710591 7.399171 197.255 34.460 80.649 5.000e+07 1
100 -6.114524 -7.359242 9.626302 50.582 11.423 -21.575 5.000e+07 1
101 -5.023826 -4.355901 7.186248 -36.487 -229.764 119.342 5.000e+07 1
102 -3.531861 -2.986663 8.096219 -19.608 -201.250 77.729 5.000e+07 1
103 -3.759881 -4.254133 7.995960 -196.835 129.654 151.325 5.000e+07 1
104 -15.806809 -2.983333 6.861902 -30.235 -16.544 45.737 5.000e+07 1
105 -5.379907 -3.321241 8.789614 132.185 68.454 -44.022 5.000e+07 1
106 -3.442180 -3.077419 8.440139 -109.987 188.201 68.151 5.000e+07 1
107 -4.057983 -2.920565 7.919027 -30.802 -288.543 -92.605 5.000e+07 1
108 -5.680128 -7.998006 4.304932 -26.485 -45.256 -85.001 5.000e+07 1
109 -4.267016 -4.928423 8.137575 129.147 -101.200 -199.066 5.000e+07 1
110 -2.608752 -6.334046 7.101328 34.155 25.582 147.185 5.000e+07 1
111 -2.806044 -4.123205 9.221112 52.518 96.089 -118.745 5.000e+07 1
112 -7.549716 -4.403322 7.156778 -171.712 -130.080 87.041 5.000e+07 1
113 -2.755365 -0.569501 8.249378 -37.426 120.348 65.144 5.000e+07 1
114 -4.447376 -4.778294 7.595951 139.575 -142.860 -48.111 5.000e+07 1
115 -1.867283 -4.316549 9.260971 -107.521 104.268 -43.556 5.000e+07 1
116 2.654935 -2.909482 6.282026 -1.516 -12.780 70.906 5.000e+07 1
117 -3.596799 -2.266007 8.010004 -89.659 154.439 -107.868 5.000e+07 1
118 -5.722996 -1.370869 7.919653 -116.899 38.642 -106.047 5.000e+07 1
119 -2.878275 -1.620737 6.476527 -61.872 -189.192 165.894 5.000e+07 1
120 -2.906845 -4.690235 6.749286 -34.855 229.597 248.365 5.000e+07 1
121 -5.557552 -1.957979 8.086834 -86.649 95.000 -12.789 5.000e+07 1
122 -4.896343 -5.367176 9.056599 171.760 135.556 30.730 5.000e+07 1
123 -2.539489 -5.033437 8.298187 114.557 146.283 -130.789 5.000e+07 1
124 2.426424 8.770392 12.423610 -65.670 -46.703 -55.783 5.000e+07 1
125 -3.978947 -3.873980 8.067440 -15.102 -275.222 -74.983 5.000e+07 1
126 -5.328826 -3.487518 7.999186 -119.144 -32.537 42.612 5.000e+07 1
127 -2.810981 -4.921756 8.820345 104.858 160.945 -119.095 5.000e+07 1
128 -2.967136 -3.347312 8.796618 -245.259 -105.287 181.610 5.000e+07 1
129 -4.130513 -3.712385 7.718720 -191.646 -258.947 -116.336 5.000e+07 1
130 -3.390791 -4.174797 8.385569 193.162 -233.457 -107.983 5.000e+07 1
131 -3.841403 -3.363920 8.510975 -372.482 -89.781 64.752 5.000e+07 1
132 -10.677789 -8.394151 6.764740 32.402 -46.416 30.715 5.000e+07 1
133 -7.589008 -7.625447 7.368452 117.978 -159.025 106.275 5.000e+07 1
134 -2.417726 -3.856950 7.126190 -313.082 -23.727 19.351 5.000e+07 1
135 -3.546991 -2.943467 5.488579 39.908 131.786 214.488 5.000e+07 1
136 -3.860920 -3.867499 9.652357 148.410 354.402 122.939 5.000e+07 1
137 -6.357051 -4.172216 8.094196 58.308 12.507 20.828 5.000e+07 1
138 -1.158666 -1.773356 10.297433 -174.268 -7.472 42.583 5.000e+07 1
139 -4.484798 -5.078716 8.858087 181.010 -267.977 219.122 5.000e+07 1
140 -5.896326 -6.102821 8.314768 228.170 -120.959 6.048 5.000e+07 1
141 -1.665058 -0.978768 9.200821 -13.242 27.417 128.296 5.000e+07 1
142 -4.591748 -3.914240 8.660746 177.570 194.498 -221.849 5.000e+07 1
143 -4.784661 -2.860976 8.211773 -85.194 -227.477 12.307 5.000e+07 1
144 -4.390728 -3.827318 9.399329 10.438 -173.506 62.517 5.000e+07 1
145 -4.094923 -2.386376 7.988049 -124.299 -8.551 200.175 5.000e+07 1
146 -3.499019 -4.923715 8.108237 -36.842 -46.973 241.401 5.000e+07 1
147 -3.545148 -5.617678 11.287392 -57.419 138.764 -72.123 5.000e+07 1
148 -8.489346 3.900316 4.210806 -16.445 51.041 97.841 5.000e+07 1
149 -13.498421 -15.164917 -21.241089 -28.444 -6.859 29.508 5.000e+07 1
150 -3.670188 -4.118018 7.976115 -208.182 -146.094 117.385 5.000e+07 1
151 -3.846489 -3.673041 7.812844 163.000 9.393 -106.633 5.000e+07 1
152 13.444055 -20.876448 9.700078 124.850 -171.335 -2.543 5.000e+07 1
153 -4.643058 -3.677922 5.672421 -82.697 1.571 173.448 5.000e+07 1
154 -3.989173 -3.306347 9.516202 -63.990 -236.277 5.671 5.000e+07 1
155 -4.390971 -1.564896 6.492536 -128.752 75.187 260.481 5.000e+07 1
156 -4.912814 -4.995053 12.781825 26.889 -146.118 120.529 5.000e+07 1
157 -14.188842 -1.447344 1.675975 113.077 -47.879 95.820 5.000e+07 1
158 -3.746595 1.086535 1.062641 -28.252 -191.265 99.585 5.000e+07 1
159 -2.199529 -7.331676 7.605011 188.566 12.321 -84.164 5.000e+07 1
160 -4.378684 -3.886625 8.254228 73.067 170.597 193.958 5.000e+07 1
161 -2.182154 -1.186682 8.636609 38.827 -103.617 91.500 5.000e+07 1
162 -11.517268 -0.243271 8.512912 20.479 -41.166 -28.124 5.000e+07 1
163 -4.871860 -2.948877 8.039773 -62.560 123.653 140.174 5.000e+07 1
164 -5.658915 -6.639773 5.617311 -49.365 38.654 -77.475 5.000e+07 1
165 4.617049 -1.259563 8.517175 -144.014 -33.081 132.556 5.000e+07 1
166 -5.397789 -4.842111 8.419722 -63.050 -229.316 55.068 5.000e+07 1
167 -4.524890 -3.295786 8.488004 -212.644 97.786 -121.608 5.000e+07 1
168 -4.224477 -3.287603 8.549742 -172.354 -180.458 95.117 5.000e+07 1
169 -2.299183 -1.433084 7.976426 22.752 145.035 45.910 5.000e+07 1
170 -5.477238 -3.375739 7.619476 -321.010 -61.275 158.197 5.000e+07 1
171 -4.568635 -3.166274 8.864033 -170.629 -209.072 55.448 5.000e+07 1
172 -4.625499 -3.608840 7.485887 -298.370 54.088 1.775 5.000e+07 1
173 -5.911586 -4.039312 10.582683 -163.636 -83.401 -3.901 5.000e+07 1
174 -2.999028 -3.688443 9.015120 -116.335 127.773 57.057 5.000e+07 1
175 1.219015 4.100960 7.956173 -157.363 8.441 11.614 5.000e+07 1
176 -3.963750 -5.068804 8.159436 -147.879 -88.890 -147.853 5.000e+07 1
177 -3.181804 -4.137765 9.888764 151.720 -26.283 -250.644 5.000e+07 1
178 -5.568559 -2.553777 7.339530 249.784 -53.821 112.181 5.000e+07 1
179 -3.171559 -3.941886 7.136717 -42.608 -80.874 -117.322 5.000e+07 1
180 -4.455756 -2.852684 8.236588 -73.290 -239.364 5.287 5.000e+07 1
181 -2.039333 -3.095392 8.240081 69.621 147.324 -109.459 5.000e+07 1
182 -3.329538 -3.595571 8.781704 -54.130 159.218 89.497 5.000e+07 1
183 -3.223543 -1.261104 7.512927 -107.542 -161.365 89.532 5.000e+07 1
184 -4.824096 -3.798490 8.398386 -155.752 15.627 -104.495 5.000e+07 1
185 -9.604916 -2.357974 10.077533 31.341 -52.245 7.825 5.000e+07 1
186 -5.311648 -1.549442 8.887882 -40.556 -36.283 24.305 5.000e+07 1
187 -16.542379 -5.347334 15.869176 -35.483 3.029 47.547 5.000e+07 1
188 -2.856277 3.727874 8.271075 -230.398 -19.740 39.993 5.000e+07 1
189 -3.654284 -3.378741 9.019418 -189.076 106.128 7.936 5.000e+07 1
190 -7.918785 -3.755030 8.165494 133.087 -144.601 -7.577 5.000e+07 1
191 -3.595105 -3.168663 9.756489 -200.424 85.695 -13.686 5.000e+07 1
192 -2.921886 -4.037307 7.541011 -48.251 -13.962 -49.011 5.000e+07 1
193 -2.419850 -3.237653 8.409750 -85.234 121.504 48.539 5.000e+07 1
194 -2.666153 -7.066263 6.412723 65.924 57.171 29.369 5.000e+07 1
195 -8.803838 4.947405 6.672303 -17.073 -110.971 0.353 5.000e+07 1
196 -6.066411 -6.048847 7.509442 176.621 -237.815 -28.792 5.000e+07 1
197 -1.826916 -1.447756 9.860340 22.038 125.472 90.886 5.000e+07 1
198 -7.789740 -1.201889 4.755777 -362.862 27.108 -230.613 5.000e+07 1
199 -4.280519 -4.988988 7.675256 47.122 61.963 125.695 5.000e+07 1
200 -3.685106 -3.720029 8.111896 130.763 110.232 215.753 6.250e+07 2
201 -1.822884 -3.636881 7.533717 -250.451 260.143 58.614 6.250e+07 2
202 -1.493333 -22.303143 8.546718 109.279 -57.702 15.407 6.250e+07 2
203 -7.315557 2.631198 8.574955 -156.135 -131.945 -35.867 6.250e+07 2
204 -7.764321 0.666499 6.993456 -45.999 -197.341 89.248 6.250e+07 2
205 -3.859859 -4.092064 8.170605 -44.722 50.474 -0.697 6.250e+07 2
206 -2.024274 -2.047263 9.072843 1.025 328.489 -114.321 6.250e+07 2
207 -4.022951 -4.948334 8.189665 35.042 141.069 -160.816 6.250e+07 2
208 -6.919990 -4.121192 7.740990 70.130 -327.533 96.937 6.250e+07 2
209 1.039779 17.731742 7.205981 -132.370 -95.001 12.327 6.250e+07 2
210 -3.648977 -4.554182 8.135415 -35.922 81.095 -232.107 6.250e+07 2
211 -3.827206 -3.582213 8.881746 82.862 -76.259 -141.395 6.250e+07 2
212 -6.022743 -9.028058 7.816868 206.650 -108.483 -1.711 6.250e+07 2
213 -11.389495 -15.200367 6.434340 99.863 -69.671 33.515 6.250e+07 2
214 4.590008 -10.310073 8.903103 -4.556 166.161 -9.553 6.250e+07 2
215 -3.878284 -4.341262 8.504236 119.118 -325.430 276.133 6.250e+07 2
216 -7.311483 -5.960452 6.989140 -31.186 -169.672 -2.629 6.250e+07 2
217 2.050431 -4.294237 8.814449 -64.992 176.286 37.714 6.250e+07 2
218 -3.071181 -3.435252 7.837309 -362.605 17.618 0.377 6.250e+07 2
219 -3.680646 -0.710716 7.887430 -159.301 -28.315 -32.404 6.250e+07 2
220 -10.629400 1.103131 8.215612 -58.218 -226.212 38.989 6.250e+07 2
221 -6.595241 -4.756525 8.371568 -14.917 -218.118 -37.737 6.250e+07 2
222 -5.189871 -5.983645 8.602398 -70.831 -153.482 88.285 6.250e+07 2
223 -24.117249 -3.312615 0.723708 48.636 -64.742 32.858 6.250e+07 2
224 35.903164 -150.286991 -1.303305 68.454 -293.826 1.285 6.250e+07 2
225 2.666879 -3.072828 10.947692 -52.815 132.305 22.360 6.250e+07 2
226 -4.224795 -5.117690 8.738612 77.501 135.174 72.977 6.250e+07 2
227 -3.516653 -4.382082 8.426563 -2.252 53.483 -80.003 6.250e+07 2
228 -5.197750 -4.113615 8.996864 2.553 -149.815 -10.198 6.250e+07 2
229 -4.256537 -1.997086 7.665237 45.164 -311.155 61.380 6.250e+07 2
230 -3.116982 -4.090767 8.171932 103.015 105.606 367.652 6.250e+07 2
231 -4.141426 -5.182703 8.263719 14.126 -60.137 18.531 6.250e+07 2
232 -3.218937 -2.376913 10.049803 55.056 20.280 -22.175 6.250e+07 2
233 -3.139880 -4.500820 8.421082 294.395 134.554 52.211 6.250e+07 2
234 -4.140322 -1.608381 8.350608 -253.527 -68.453 -46.155 6.250e+07 2
235 3.754923 -7.459128 10.517261 114.802 -26.052 117.887 6.250e+07 2
236 -4.306770 -5.255091 8.138708 -20.379 11.969 145.610 6.250e+07 2
237 -4.050763 -3.906915 8.403231 -186.726 -21.096 -63.000 6.250e+07 2
238 -4.039734 -5.472591 9.284374 146.317 323.286 18.095 6.250e+07 2
239 -6.839064 1.493085 7.275646 -186.052 -158.754 79.241 6.250e+07 2
240 -2.798948 -4.570832 7.586597 -89.517 283.966 -23.998 6.250e+07 2
241 -4.551662 -8.568165 12.026241 74.566 142.591 -53.352 6.250e+07 2
242 -3.243387 -3.833024 8.177070 -50.756 -172.058 242.054 6.250e+07 2
243 -320.599923 787.744492 12.341245 -778.159 1911.618 30.264 6.250e+07 2
244 -5.768441 -2.627884 8.214094 20.704 -85.541 -8.823 6.250e+07 2
245 1.249842 0.096264 7.777283 -134.254 139.985 25.101 6.250e+07 2
246 -1.356612 -4.351080 9.207806 73.543 90.016 50.820 6.250e+07 2
247 -3.360953 -4.268259 7.844521 -88.551 -35.499 -16.261 6.250e+07 2
248 -3.665489 -4.376140 9.622586 -22.108 151.526 20.665 6.250e+07 2
249 -4.488551 -0.542746 7.965738 -176.750 -110.961 77.247 6.250e+07 2
250 -4.273442 -5.492441 9.344040 -5.436 46.955 -6.911 6.250e+07 2
251 -2.875340 -3.844538 8.376205 -85.090 62.780 -166.025 6.250e+07 2
252 -7.621622 -10.274648 7.430254 141.191 14.177 80.884 6.250e+07 2
253 -0.971554 -6.009448 9.434046 109.846 223.869 -8.447 6.250e+07 2
254 -4.584166 -2.705462 7.840225 120.892 -256.062 165.731 6.250e+07 2
255 -2.986643 -7.604721 10.936372 101.694 -5.773 80.852 6.250e+07 2
256 -11.729405 -8.478295 8.844851 46.806 -189.698 -39.868 6.250e+07 2
257 -4.478121 -2.552319 8.289537 -164.433 -181.289 0.421 6.250e+07 2
258 -5.381023 -4.109018 8.705957 -51.760 -292.297 -195.632 6.250e+07 2
259 -4.870368 -3.223590 7.525063 46.825 -68.348 188.567 6.250e+07 2
260 -4.099642 -2.994191 8.483755 -37.379 -321.326 -6.532 6.250e+07 2
261 -6.615430 -4.885946 9.249269 -19.469 -202.581 -98.078 6.250e+07 2
262 -5.499017 -1.996897 7.986956 -166.922 179.180 -21.716 6.250e+07 2
263 -9.516248 -1.463135 10.551559 -80.626 -229.585 -8.552 6.250e+07 2
264 -3.351416 -4.768427 7.830237 213.142 143.115 -77.745 6.250e+07 2
265 3.589819 -10.212351 7.901511 13.452 215.558 18.454 6.250e+07 2
266 -3.824229 -4.081556 9.339570 -43.468 -9.598 -218.422 6.250e+07 2
267 -4.733533 -5.679738 9.794964 -32.096 74.652 -121.424 6.250e+07 2
268 -4.978249 -2.904282 7.156004 24.040 -163.771 149.540 6.250e+07 2
269 0.319282 -11.600174 7.717098 124.586 19.345 32.739 6.250e+07 2
270 -4.197092 -3.969534 7.427004 -244.652 -200.955 -22.920 6.250e+07 2
271 -1.397130 -0.788088 7.025313 -207.488 185.054 -63.360 6.250e+07 2
272 0.116401 2.071665 7.226888 -67.275 31.885 -14.735 6.250e+07 2
273 -6.261326 -5.008671 9.173536 -36.536 -63.706 99.390 6.250e+07 2
274 -0.642159 2.617961 7.333700 -208.796 -32.966 32.253 6.250e+07 2
275 -5.457838 -3.622782 9.574847 40.291 -110.424 3.178 6.250e+07 2
276 -3.244697 -1.979368 8.641156 140.336 96.889 31.399 6.250e+07 2
277 -3.572299 -3.495651 7.849335 96.659 19.814 142.992 6.250e+07 2
278 -3.942977 -4.201474 8.190108 -93.743 -163.426 120.515 6.250e+07 2
279 -4.645395 -5.970796 8.519510 183.383 -35.400 -10.707 6.250e+07 2
280 -8.042970 -8.995192 8.259683 194.838 -45.241 -21.905 6.250e+07 2
281 -1.165286 -6.143882 8.785862 59.598 58.669 -51.793 6.250e+07 2
282 2.141174 3.121916 6.805182 -43.231 192.663 -39.566 6.250e+07 2
283 -3.189925 0.533430 8.998038 -213.274 133.354 -27.208 6.250e+07 2
284 -4.956266 -5.948411 7.600051 325.402 13.085 -0.198 6.250e+07 2
285 0.554287 -1.824041 10.273940 -13.690 114.949 28.740 6.250e+07 2
286 -6.781331 -5.051711 7.956875 -34.752 -272.834 66.455 6.250e+07 2
287 -5.949553 -2.956223 8.107270 -158.574 -79.982 137.974 6.250e+07 2
288 0.997147 1.576585 8.134303 -110.642 182.741 29.468 6.250e+07 2
289 1.725941 -4.769017 7.886150 142.292 19.825 -60.591 6.250e+07 2
290 -3.623041 -7.519682 8.914684 105.320 -16.317 15.018 6.250e+07 2
291 -2.423065 -5.010724 8.284112 -107.674 233.917 -6.544 6.250e+07 2
292 -6.941687 -4.509897 8.899285 326.738 25.674 195.667 6.250e+07 2
293 -4.146711 -3.041872 8.073346 -4.010 49.346 5.995 6.250e+07 2
294 -5.123832 -5.598261 7.649541 -54.962 -225.438 -104.716 6.250e+07 2
295 -1.815080 -8.548866 9.379982 225.562 24.892 87.562 6.250e+07 2
296 -0.204677 -2.613799 8.156319 -149.428 133.750 65.158 6.250e+07 2
297 -7.462980 10.202974 8.853447 -99.689 -83.031 38.049 6.250e+07 2
298 2.519894 9.947367 6.999075 -109.283 50.152 18.231 6.250e+07 2
299 -4.991856 -6.296846 9.947432 132.580 -84.870 -102.860 6.250e+07 2
300 -3.162139 -4.007369 7.746826 -179.250 64.660 33.351 6.250e+07 2
301 -4.435581 -5.811527 8.943397 110.052 17.437 13.287 6.250e+07 2
302 -0.264613 -1.061783 8.263001 -84.006 118.510 21.265 6.250e+07 2
303 -3.816122 -0.410646 8.750525 -143.373 306.119 7.311 6.250e+07 2
304 -2.306473 -5.639395 8.204878 107.849 128.628 115.004 6.250e+07 2
305 -5.590171 -6.016885 9.104734 90.020 -240.999 134.330 6.250e+07 2
306 -2.387991 -11.541388 9.201466 183.072 93.960 55.596 6.250e+07 2
307 -6.875770 -4.588034 8.182217 -210.976 -6.772 -149.817 6.250e+07 2
308 -3.519776 -2.716001 8.446258 -92.508 53.031 80.055 6.250e+07 2
309 -4.364945 0.699299 10.349572 -72.313 104.655 -13.899 6.250e+07 2
310 -2.133585 -2.601606 8.931739 -29.903 -59.881 -47.777 6.250e+07 2
311 -0.378162 -8.585460 8.930148 61.787 167.663 62.759 6.250e+07 2
312 75.916641 52.912248 15.592355 99.265 67.335 28.064 6.250e+07 2
313 6.219121 -12.153438 6.763094 -37.733 77.621 54.910 6.250e+07 2
314 -7.447192 -13.447431 8.274179 244.216 46.746 -21.929 6.250e+07 2
315 -3.584463 -1.785194 8.116440 -250.818 155.433 228.104 6.250e+07 2
316 -6.554515 -2.974111 8.376936 -76.168 -149.681 -27.137 6.250e+07 2
317 -3.880746 -5.346344 8.435319 168.468 9.526 31.780 6.250e+07 2
318 -9.090510 -2.001545 8.359657 -252.046 -240.403 91.936 6.250e+07 2
319 -2.360155 -6.672791 8.683575 199.841 13.399 13.891 6.250e+07 2
320 -5.851981 -12.435183 6.769434 124.928 4.214 17.520 6.250e+07 2
321 0.538755 -0.001657 11.673672 -88.847 39.723 61.267 6.250e+07 2
322 -5.315179 -7.425045 8.925026 80.878 -171.185 3.018 6.250e+07 2
323 0.934631 -8.667996 10.097242 46.172 152.952 -20.780 6.250e+07 2
324 -4.191187 -4.901219 8.653159 -66.500 -92.930 84.488 6.250e+07 2
325 -5.481902 -0.514428 9.278582 -137.752 -236.969 -32.421 6.250e+07 2
326 -3.466321 -4.461525 8.536774 161.273 44.331 105.268 6.250e+07 2
327 -9.398244 -11.286692 7.612303 156.934 -5.014 34.793 6.250e+07 2
328 -12.896175 -0.894151 9.479637 -252.498 -137.516 44.710 6.250e+07 2
329 -4.133353 -3.551105 8.703127 159.414 -95.217 -114.166 6.250e+07 2
330 0.011006 1.017421 8.749130 -136.229 34.070 -5.975 6.250e+07 2
331 -2.411151 -2.087732 7.995611 -80.436 167.057 -44.292 6.250e+07 2
332 -5.741479 -7.006721 7.386064 4.455 -82.559 -40.725 6.250e+07 2
333 -4.926264 -5.938844 8.742627 162.035 -20.669 -79.607 6.250e+07 2
334 5.479473 0.579279 6.069461 -146.841 34.537 52.928 6.250e+07 2
335 -2.417777 -3.515743 8.495722 139.856 178.952 -32.845 6.250e+07 2
336 -7.767072 -4.596303 6.223014 -147.322 -233.549 74.391 6.250e+07 2
337 -3.813588 -2.305476 8.163659 -85.200 -164.609 1.986 6.250e+07 2
338 -8.517418 -4.779297 12.418360 -30.395 -172.147 152.854 6.250e+07 2
339 -3.171972 -5.183117 8.422640 125.419 -69.515 101.978 6.250e+07 2
340 -4.252666 -4.406365 8.518359 93.920 -173.441 200.384 6.250e+07 2
341 -0.395553 -3.576293 7.988751 -14.333 155.876 2.551 6.250e+07 2
342 -3.221156 -4.038762 8.334818 102.677 53.820 12.065 6.250e+07 2
343 -3.168742 -4.696612 8.097386 -23.634 123.051 31.524 6.250e+07 2
344 -9.784747 -7.753714 7.840004 155.932 -37.661 54.317 6.250e+07 2
345 -2.262332 -3.494699 9.108914 123.222 308.080 19.263 6.250e+07 2
346 -4.858125 3.904430 8.128951 -126.248 -164.618 46.896 6.250e+07 2
347 -4.005787 -6.168931 8.438123 161.292 -85.851 59.946 6.250e+07 2
348 -4.150858 -5.122181 8.409815 -100.362 -99.340 38.442 6.250e+07 2
349 -4.577894 -5.667873 8.330486 -106.951 155.696 -96.300 6.250e+07 2
350 -5.415574 -6.537913 8.577573 202.379 -146.065 -109.652 6.250e+07 2
351 2.912207 -21.859079 4.795341 88.880 -88.923 -3.374 6.250e+07 2
352 -4.069352 -3.200660 8.674497 -299.684 118.630 237.419 6.250e+07 2
353 -1.556364 -2.707747 8.276586 -158.493 221.955 58.048 6.250e+07 2
354 -3.773839 -4.053256 8.408977 141.014 -234.306 -38.481 6.250e+07 2
355 -3.313688 1.472426 7.907056 -200.573 -5.436 101.504 6.250e+07 2
356 -5.997247 -3.712537 7.414928 74.470 -156.227 108.537 6.250e+07 2
357 -6.022864 -5.011456 8.870096 -103.363 -243.807 117.719 6.250e+07 2
358 -6.010296 -6.515020 8.677146 179.052 -85.070 146.228 6.250e+07 2
359 -3.301525 -2.175352 7.940268 -115.135 20.571 -29.559 6.250e+07 2
360 -7.927383 -0.237392 8.752236 82.130 -252.943 31.994 6.250e+07 2
361 -4.324185 -2.392900 10.950085 -20.118 5.971 33.289 6.250e+07 2
362 3.788770 0.248437 8.380972 59.577 290.636 43.688 6.250e+07 2
363 -1.279316 -7.810115 9.119167 66.246 17.727 -51.788 6.250e+07 2
364 -2.853779 -5.397224 8.768658 97.859 109.340 39.414 6.250e+07 2
365 -3.007310 -6.753149 8.409645 83.385 222.430 -16.797 6.250e+07 2
366 4.697265 -16.150270 6.257652 89.530 -69.405 8.968 6.250e+07 2
367 -4.462641 -3.673444 7.243428 255.710 -64.185 93.121 6.250e+07 2
368 -5.116658 -2.926609 8.585726 -208.771 -76.013 105.309 6.250e+07 2
369 -4.719742 -1.973155 7.962678 -206.931 -57.323 -19.860 6.250e+07 2
370 -5.054734 -4.682247 8.472590 -21.955 -95.524 165.386 6.250e+07 2
371 -1.607406 -7.466944 8.476615 37.130 76.614 46.144 6.250e+07 2
372 -3.028557 -4.024860 7.829359 -64.821 153.990 21.257 6.250e+07 2
373 -4.248365 -2.155944 9.419200 -159.361 -76.084 45.194 6.250e+07 2
374 -3.537579 -1.973142 8.833115 -241.781 -5.960 -73.652 6.250e+07 2
375 -6.737321 11.936338 9.915203 -148.804 121.075 32.080 6.250e+07 2
376 -15.263054 7.468576 7.825300 -87.929 -78.526 9.613 6.250e+07 2
377 0.338363 -8.029453 8.104814 76.090 44.995 24.222 6.250e+07 2
378 -5.176310 -5.789387 7.793988 8.662 -231.108 74.010 6.250e+07 2
379 665.374039 -107.564702 -31.929289 1607.665 -260.065 -78.203 6.250e+07 2
380 -3.479605 -5.640312 9.030056 40.557 -29.967 -45.803 6.250e+07 2
381 -0.553184 -7.083541 9.469954 79.353 -54.226 163.236 6.250e+07 2
382 -3.094687 -2.863632 7.907396 -29.263 -120.455 -104.001 6.250e+07 2
383 -3.900305 -3.634923 8.146952 -44.366 -144.042 -31.066 6.250e+07 2
384 -4.195469 -4.719930 8.193258 -35.340 -176.018 -96.602 6.250e+07 2
385 -4.291361 -4.275046 9.003578 -176.950 43.247 27.157 6.250e+07 2
386 -3.780351 -3.910002 8.200063 -168.537 125.625 144.464 6.250e+07 2
387 0.613868 -18.150890 6.144147 108.247 7.238 7.127 6.250e+07 2
388 -10.669286 3.736807 14.513331 -30.448 -66.300 -1.792 6.250e+07 2
389 -2.383597 -10.179556 9.769398 210.231 -92.159 102.602 6.250e+07 2
390 -3.404214 -3.738319 7.231389 228.785 110.578 24.231 6.250e+07 2
391 2.578649 -2.954155 9.136112 -99.417 117.226 3.107 6.250e+07 2
392 -3.520467 -3.689028 8.807728 -100.251 201.522 -45.131 6.250e+07 2
393 -4.727221 -3.569243 8.073027 -23.904 -209.115 154.493 6.250e+07 2
394 -4.935108 -1.931038 7.574220 -131.037 141.947 49.607 6.250e+07 2
395 -3.904264 -3.718111 8.329601 -164.478 17.153 82.802 6.250e+07 2
396 -3.565555 -4.271951 8.744621 -122.789 -172.134 122.256 6.250e+07 2
397 -4.343037 -2.547543 8.003767 -169.651 36.844 30.119 6.250e+07 2
398 -6.983024 -1.863009 8.455456 -125.391 81.379 24.603 6.250e+07 2
399 -4.393740 -8.446534 8.328880 87.400 -4.826 -20.340 6.250e+07 2
400 -0.897201 -0.725498 8.047805 -244.996 163.297 47.801 6.250e+07 2
401 -2.964775 -4.142236 8.846243 18.101 402.394 18.644 6.250e+07 2
402 -5.441975 -2.742938 7.889180 -251.631 -71.716 -40.538 6.250e+07 2
403 -3.475502 -3.743467 7.847763 -27.005 -37.982 63.360 6.250e+07 2
404 -5.758932 -4.228539 8.243763 -7.120 -165.806 68.610 6.250e+07 2
405 -3.962200 -3.638348 9.010519 76.470 -195.155 86.193 6.250e+07 2
406 -3.164917 0.926698 8.874430 -227.174 50.532 -2.771 6.250e+07 2
407 -1.681416 -1.801086 7.764409 -192.825 -79.206 -50.217 6.250e+07 2
408 -3.175723 -6.482392 9.579448 80.442 -70.895 50.727 6.250e+07 2
409 -4.047752 -5.041538 8.618142 -26.663 -212.279 7.816 6.250e+07 2
410 -4.455612 -1.851786 9.054055 -343.751 -130.413 -0.739 6.250e+07 2
411 -3.100167 -2.887124 7.663169 -214.409 259.390 -43.484 6.250e+07 2
412 -4.408752 -5.306587 8.398583 -144.239 -227.775 123.388 6.250e+07 2
413 -0.206858 -3.980323 7.927023 -54.814 214.964 -134.556 6.250e+07 2
414 -5.290285 -6.315185 7.962518 -108.030 -239.771 18.234 6.250e+07 2
415 -4.779066 -3.347252 8.796586 -38.375 -119.761 -203.557 6.250e+07 2
416 -3.998058 -4.583101 9.531401 -17.386 41.386 -23.650 6.250e+07 2
417 -1.783883 -12.053334 7.617510 101.032 47.591 24.896 6.250e+07 2
418 0.152054 -2.421376 7.113347 -85.943 109.524 -23.087 6.250e+07 2
419 -4.034123 -3.173763 8.339010 -17.479 -186.812 266.555 6.250e+07 2
420 -3.555208 -5.369027 8.040123 104.352 -42.461 52.896 6.250e+07 2
421 -0.428526 2.241933 8.167357 -147.244 93.076 38.840 6.250e+07 2
422 -0.945254 -0.789573 7.948844 -114.093 173.847 106.661 6.250e+07 2
423 -6.861974 -3.641493 8.646682 -119.431 -212.426 53.401 6.250e+07 2
424 -4.296704 -2.645389 8.045954 -2.413 -105.182 73.875 6.250e+07 2
425 -4.782757 -5.118417 8.239487 45.634 -35.471 36.601 6.250e+07 2
426 -5.031624 -8.942431 8.703194 166.359 -58.106 -1.269 6.250e+07 2
427 -4.958487 -4.747669 8.182172 74.544 -196.523 47.779 6.250e+07 2
428 -2.722083 -9.454144 8.222268 210.667 -75.024 60.162 6.250e+07 2
429 -6.234220 -4.698505 8.400662 155.288 -289.056 14.641 6.250e+07 2
430 -13.441246 -6.369339 8.027036 -119.387 -209.014 -30.576 6.250e+07 2
431 -4.488823 -4.572795 9.106902 103.024 -22.138 -80.513 6.250e+07 2
432 7.011115 1.309584 6.625413 -99.313 104.818 -12.502 6.250e+07 2
433 -13.218387 -2.753679 9.760048 -170.537 -182.431 106.086 6.250e+07 2
434 -3.964915 -4.652881 7.854926 91.179 159.841 -78.331 6.250e+07 2
435 -4.163860 -4.271470 8.378313 -141.586 69.969 -171.759 6.250e+07 2
436 -32.332448 -159.916316 34.392868 -65.860 -320.303 73.434 6.250e+07 2
437 -4.130419 -3.582237 8.479855 -36.784 1.001 -54.601 6.250e+07 2
438 -4.139768 -3.656271 8.327198 115.214 -0.426 -76.115 6.250e+07 2
439 -3.307266 -5.335925 10.631408 184.867 66.416 92.345 6.250e+07 2
440 -212.512726 -66.119781 -34.598676 -467.318 -146.504 -75.734 6.250e+07 2
441 -6.385453 -4.304533 7.978091 -105.287 -125.878 -156.496 6.250e+07 2
442 5.356109 -0.047185 8.216363 -100.385 117.623 -21.860 6.250e+07 2
443 -3.770778 -3.607808 8.342932 62.103 -227.183 41.510 6.250e+07 2
444 -3.807755 -2.214925 8.668882 -119.208 -35.714 -75.843 6.250e+07 2
445 -3.000453 -2.810436 8.128150 80.027 -179.805 108.896 6.250e+07 2
446 -3.129837 -1.970513 8.561398 -185.204 -140.327 36.639 6.250e+07 2
447 -3.640557 -3.679409 7.935467 -62.623 87.441 -108.756 6.250e+07 2
448 -2.246699 -0.083236 9.646866 -122.826 32.336 75.773 6.250e+07 2
449 -6.373659 0.596566 8.775370 -46.810 -247.160 34.030 6.250e+07 2
450 -2.683659 0.985408 7.169796 -213.058 30.338 -24.056 6.250e+07 2
451 -3.960645 -4.172685 8.582578 -317.737 -135.647 69.362 6.250e+07 2
452 3.582514 -5.826335 5.294600 -112.254 217.981 47.576 6.250e+07 2
453 -6.267174 -7.435248 6.709154 156.028 -3.648 100.478 6.250e+07 2
454 -4.358697 -2.403240 8.571423 29.510 -38.161 -31.754 6.250e+07 2
455 4.279926 -0.434942 8.039027 22.864 179.957 -5.787 6.250e+07 2
456 -4.441779 -3.651409 8.947413 -314.573 170.218 -90.576 6.250e+07 2
457 -2.918506 -23.729821 9.092118 77.840 -55.212 -10.042 6.250e+07 2
458 -3.522761 -4.501174 8.549991 -27.718 404.736 9.984 6.250e+07 2
459 -5.395505 -5.008534 7.778937 86.233 -230.257 -67.526 6.250e+07 2
460 -3.456425 -4.955964 8.561446 4.624 287.297 22.394 6.250e+07 2
461 -3.029071 -4.737183 8.435969 129.383 64.014 -8.712 6.250e+07 2
462 -0.824573 -3.162008 8.818688 -225.049 167.220 -7.542 6.250e+07 2
463 -3.822683 -2.773325 7.894815 -237.042 168.063 -49.780 6.250e+07 2
464 -0.639755 -6.601379 8.518246 213.996 -0.610 -27.996 6.250e+07 2
465 -11.772204 -5.695587 5.331836 16.897 -85.813 -14.220 6.250e+07 2
466 -0.456963 -3.724120 7.070820 5.118 234.378 26.210 6.250e+07 2
467 -2.291888 -1.223279 9.917042 -308.926 66.124 124.599 6.250e+07 2
468 -13.892582 -9.057136 11.853120 71.452 -86.989 -24.262 6.250e+07 2
469 -18.552122 2.033864 8.761749 -150.720 -98.931 15.035 6.250e+07 2
470 -2.180486 -4.240988 8.746521 215.584 206.473 2.353 6.250e+07 2
471 -3.322788 -3.097450 8.435921 -241.099 75.115 188.729 6.250e+07 2
472 -3.343989 -2.567522 8.161348 51.178 -122.920 59.903 6.250e+07 2
473 -10.551174 0.161117 6.534761 0.111 -106.019 80.007 6.250e+07 2
474 -2.485632 -3.018012 7.527559 -102.056 96.289 65.980 6.250e+07 2
475 -6.409033 -0.245388 9.583219 -177.770 -36.616 21.608 6.250e+07 2
476 -8.534062 -4.572411 8.364339 144.807 -253.511 -39.420 6.250e+07 2
477 -5.103891 -3.734449 8.711255 87.649 -170.531 -86.677 6.250e+07 2
478 -3.497782 -4.668512 8.346701 -76.188 213.613 75.012 6.250e+07 2
479 -4.322021 -3.242576 9.055989 143.194 354.849 -23.178 6.250e+07 2
480 -4.327536 -3.254272 8.572293 23.856 -66.973 -46.831 6.250e+07 2
481 -2.527516 -3.767514 5.828596 -147.864 55.393 45.444 6.250e+07 2
482 -1.026766 -3.331303 8.312308 -177.479 152.723 138.035 6.250e+07 2
483 -11.418706 7.431523 6.970233 -107.764 -120.840 18.199 6.250e+07 2
484 -4.049213 -3.954840 7.344382 286.541 -59.322 64.321 6.250e+07 2
485 -2.566143 -4.220498 7.457125 127.745 155.025 -43.659 6.250e+07 2
486 -3.816285 -4.359311 8.065876 -21.663 179.557 55.530 6.250e+07 2
487 -3.980806 -6.738122 8.535463 192.635 106.389 7.112 6.250e+07 2
488 -6.067083 -11.596357 10.376194 104.503 -108.025 -2.538 6.250e+07 2
489 -12.749233 -7.424831 8.576503 -54.780 -139.475 -43.824 6.250e+07 2
490 -42.535445 -98.811200 41.505367 -67.474 -154.499 74.956 6.250e+07 2
491 -4.010441 -4.185489 8.156547 1.626 156.710 142.715 6.250e+07 2
492 -4.363732 -0.927566 8.635235 0.079 -98.855 60.146 6.250e+07 2
493 -0.419042 -8.672451 8.468335 90.643 203.166 95.718 6.250e+07 2
494 -1.571026 -7.876131 9.520826 178.654 64.525 -19.907 6.250e+07 2
495 -4.185144 -4.803477 8.323620 -79.067 -282.830 5.036 6.250e+07 2
496 -4.517096 -1.810199 7.473198 -222.710 -213.806 124.030 6.250e+07 2
497 1.726706 11.252370 5.496792 -85.160 -164.295 37.958 6.250e+07 2
498 1.893036 -9.463215 10.074525 154.538 65.383 43.529 6.250e+07 2
499 -2.435729 -4.842206 7.807764 131.539 100.322 49.587 6.250e+07 2
500 -4.313742 -3.117345 8.765047 -153.652 86.236 -118.455 6.250e+07 2
501 -396.502621 -659.692925 26.776609 -960.558 -1598.178 65.916 6.250e+07 2
502 -4.712214 -2.899100 8.093523 -136.908 -66.013 127.818 6.250e+07 2
503 -8.919572 -2.024441 6.843803 -80.559 -238.002 72.796 6.250e+07 2
504 -3.706191 -4.647962 9.433443 -34.979 15.852 16.567 6.250e+07 2
505 -322.960189 -151.100490 -11.273533 -757.227 -354.278 -26.039 6.250e+07 2
506 -5.512783 -6.197367 9.086729 161.420 -194.537 137.005 6.250e+07 2
507 -5.764529 -3.866237 7.282514 -149.701 -147.123 21.126 6.250e+07 2
508 -5.403426 -2.978788 7.846858 -8.335 -65.224 173.293 6.250e+07 2
509 -5.124201 -3.684383 7.880637 -171.720 -20.746 76.673 6.250e+07 2
510 -1.190913 -0.580873 8.114510 -128.704 66.176 -11.617 6.250e+07 2
511 -3.989757 -4.714887 7.550937 39.282 -166.705 106.247 6.250e+07 2
512 -7.442274 -5.695055 8.711056 132.423 16.134 -4.139 6.250e+07 2
513 -3.823413 -4.344737 7.814130 260.599 208.556 -52.989 6.250e+07 2
514 -3.276831 -4.238499 8.459667 -265.787 -176.982 20.688 6.250e+07 2
515 -2.833788 2.925757 10.705093 -137.584 197.412 79.774 6.250e+07 2
516 -2.910437 -4.522498 9.143584 96.095 192.878 -161.730 6.250e+07 2
517 -4.073125 -0.861112 7.354985 -82.054 220.670 16.808 6.250e+07 2
518 -2.170741 -1.923080 8.443753 -125.562 229.258 -69.037 6.250e+07 2
519 -2.814063 -3.647941 7.876183 -224.413 137.084 -19.509 6.250e+07 2
520 -4.886484 -5.006975 8.559589 -127.210 -170.102 160.893 6.250e+07 2
521 -2.884912 -4.807457 7.510719 149.406 11.683 64.015 6.250e+07 2
522 -3.389240 -3.685798 8.454209 189.010 148.498 9.208 6.250e+07 2
523 -24.002344 -3.557118 0.867482 44.437 -69.381 26.287 6.250e+07 2
524 -5.638472 -6.929751 8.709004 74.560 -52.281 -14.401 6.250e+07 2
525 -3.387030 -1.444417 8.868500 -89.980 69.482 26.152 6.250e+07 2
526 -4.466659 -0.860626 7.364976 -178.883 107.717 131.842 6.250e+07 2
527 -4.415152 -1.769748 7.270596 -125.324 -122.073 60.330 6.250e+07 2
528 -5.544982 -4.878644 9.149886 -49.313 -328.706 -13.951 6.250e+07 2
529 -5.941485 -9.178823 8.449567 128.835 -199.413 -2.743 6.250e+07 2
530 -1.080675 5.763659 6.968554 -141.075 -26.295 10.291 6.250e+07 2
531 -6.986244 5.714863 8.322016 -72.684 -188.937 39.451 6.250e+07 2
532 -3.515244 -1.832240 8.183959 -183.760 -126.140 -115.924 6.250e+07 2
533 -3.190601 -3.049757 8.455292 -262.562 186.002 40.967 6.250e+07 2
534 -8.499018 6.644557 7.349702 -149.335 -70.801 -11.916 6.250e+07 2
535 -3.852745 -4.120754 8.318062 -4.872 -248.567 91.609 6.250e+07 2
536 -55.942546 83.949237 33.871880 -86.581 121.374 59.699 6.250e+07 2
537 -4.185710 -2.369466 9.054698 -174.195 136.042 56.489 6.250e+07 2
538 -4.305456 -3.112621 8.866028 -62.339 -314.226 -71.425 6.250e+07 2
539 -1.647495 0.244096 9.052445 -183.787 119.755 88.041 6.250e+07 2
540 -5.779245 -7.159035 8.694784 93.153 -131.926 -17.346 6.250e+07 2
541 -4.168163 -3.401881 7.693806 -189.811 -298.543 -49.391 6.250e+07 2
542 -3.301562 -8.229368 8.224089 125.446 244.797 93.363 6.250e+07 2
543 -8.132700 -4.084644 7.150850 71.513 -332.431 63.918 6.250e+07 2
544 -5.970835 -3.884098 8.279631 -107.425 -152.198 -32.944 6.250e+07 2
545 -3.983308 -1.129343 9.576572 20.321 141.362 242.112 6.250e+07 2
546 -4.028902 -5.301557 8.699310 128.733 53.999 184.237 6.250e+07 2
547 -4.541975 -5.056662 8.649643 303.885 -56.850 -68.575 6.250e+07 2
548 -2.756821 -7.578052 8.916834 169.282 5.139 8.656 6.250e+07 2
549 -4.420139 -2.349737 8.754740 -113.608 113.066 -117.322 6.250e+07 2
550 -4.757740 -2.683670 8.807487 -88.140 -141.882 -19.045 6.250e+07 2
551 -1.309530 -3.818876 7.031816 36.115 67.861 -157.640 6.250e+07 2
552 -1.030040 8.857317 6.200982 -143.766 -65.881 -8.200 6.250e+07 2
553 -3.788998 -3.948173 8.661156 177.794 131.360 36.858 6.250e+07 2
554 -7.632610 -9.212386 8.513259 -1.525 -97.655 -29.009 6.250e+07 2
555 -3.790908 12.384109 10.104950 -123.916 57.477 -4.190 6.250e+07 2
556 -3.968987 -3.578176 8.188237 89.564 -273.076 185.918 6.250e+07 2
557 -3.238411 0.922507 8.941218 -261.126 97.960 -3.373 6.250e+07 2
558 -6.048576 -16.542849 5.173933 71.933 -11.267 -8.745 6.250e+07 2
559 -4.430702 -9.828420 6.858431 141.625 -71.734 -32.762 6.250e+07 2
560 -1.296867 -7.996902 8.076759 -32.119 122.744 76.029 6.250e+07 2
561 -8.285305 -6.155769 9.628989 152.757 -223.835 56.736 6.250e+07 2
562 -4.200646 -3.733617 8.177787 -75.649 14.518 -19.400 6.250e+07 2
563 -3.462760 -3.184187 8.943943 236.690 173.051 101.541 6.250e+07 2
564 -4.603785 -4.381483 8.959726 -14.866 -44.228 -21.269 6.250e+07 2
565 -2.053939 0.886504 9.703677 -230.238 61.166 0.678 6.250e+07 2
566 0.097975 -5.657008 7.278981 181.039 112.272 -41.422 6.250e+07 2
567 0.611682 -2.817457 8.387093 89.196 168.190 -29.302 6.250e+07 2
568 -4.024021 -8.169232 9.323269 139.300 -34.069 -3.903 6.250e+07 2
569 -0.993048 -1.428545 8.957607 -251.134 233.622 36.858 6.250e+07 2
570 -1.373227 2.503688 8.546977 -186.343 5.064 97.212 6.250e+07 2
571 -10.703750 -5.165409 8.231427 1.481 -205.325 -17.183 6.250e+07 2
572 2.752591 9.003623 10.895012 -157.840 117.081 18.600 6.250e+07 2
573 -3.130267 -2.100757 7.943070 -31.588 112.499 74.020 6.250e+07 2
574 -5.497151 -2.820553 8.784045 -9.031 -242.260 -58.448 6.250e+07 2
575 -4.303260 -3.886028 8.423927 -80.510 -138.886 157.793 6.250e+07 2
576 -3.079094 -2.264539 7.910888 -87.744 16.806 -15.499 6.250e+07 2
577 -8.201730 1.978031 6.084708 -154.093 -212.048 22.696 6.250e+07 2
578 -2.847856 -5.263101 9.023478 108.807 276.016 11.952 6.250e+07 2
579 -4.150204 -2.735790 7.358360 25.603 206.702 42.215 6.250e+07 2
580 -5.383751 -1.176843 9.319136 26.813 17.750 162.182 6.250e+07 2
581 -4.730861 -4.729427 8.101870 -105.226 -89.965 73.560 6.250e+07 2
582 -8.269667 -3.094011 7.630564 -131.350 -182.231 -8.194 6.250e+07 2
583 -4.646543 -5.942403 8.080539 96.009 -122.810 42.070 6.250e+07 2
584 -14.883953 5.994002 7.120661 -120.234 -63.406 13.759 6.250e+07 2
585 -154.813300 205.578584 21.779644 -348.510 465.195 51.937 6.250e+07 2
586 -2.282810 -20.115506 7.180810 135.315 -72.951 13.784 6.250e+07 2
587 -8.259582 -5.208185 8.479750 19.270 -109.979 -15.021 6.250e+07 2
588 -5.348259 -5.427916 8.320302 215.307 -125.642 -6.624 6.250e+07 2
589 -2.708823 -3.911573 8.813604 25.835 -40.720 237.729 6.250e+07 2
590 -5.069803 -11.312585 8.811814 176.104 84.332 -39.033 6.250e+07 2
591 -4.074037 -3.901664 8.544938 -71.078 -67.526 -53.520 6.250e+07 2
592 6.661740 -5.293587 6.261037 33.084 75.445 -13.018 6.250e+07 2
593 -4.084631 -4.860352 8.463885 292.563 64.234 17.921 6.250e+07 2
594 -6.517650 -7.406712 8.431271 138.008 102.825 87.664 6.250e+07 2
595 -41.936415 133.474206 22.777659 -82.441 249.177 47.611 6.250e+07 2
596 -0.620943 4.134864 7.206242 -185.818 54.273 -19.261 6.250e+07 2
597 -3.691175 -3.252426 9.254433 -128.030 67.015 -67.929 6.250e+07 2
598 -10.048398 -3.745995 8.113508 93.737 -80.904 57.111 6.250e+07 2
599 -5.393357 -3.443975 8.249030 -206.385 -77.580 -24.468 6.250e+07 2
600 0.861179 -2.660230 8.505855 -151.961 75.889 3.900 6.250e+07 2
601 -5.719562 -5.368317 10.360299 -9.823 -70.416 53.607 6.250e+07 2
602 -3.926144 -5.432553 8.772223 206.316 183.423 -36.031 6.250e+07 2
603 -6.725628 3.770241 6.885969 -239.544 -18.061 -15.867 6.250e+07 2
604 -10.064505 -11.511211 10.171555 96.353 -131.928 -6.477 6.250e+07 2
605 229.011897 -29.640822 9.708044 507.335 -66.747 22.789 6.250e+07 2
606 -3.504915 -3.926928 7.989066 -80.734 45.071 -74.414 6.250e+07 2
607 -1.522815 -5.843677 10.023316 144.175 34.756 42.167 6.250e+07 2
608 -5.470833 -5.821070 7.956161 -21.005 -156.169 -15.538 6.250e+07 2
609 -4.024833 -5.122526 7.958668 91.742 156.422 99.855 6.250e+07 2
610 -4.498712 -5.187828 8.289136 134.017 4.047 196.419 6.250e+07 2
611 -5.007374 -4.671906 8.032623 -191.664 120.859 101.489 6.250e+07 2
612 -4.057266 -0.634183 7.501855 -223.859 -114.137 40.566 6.250e+07 2
613 -3.519936 -4.061645 8.277133 -150.886 -98.803 77.979 6.250e+07 2
614 -3.586040 -2.932572 8.301926 -137.282 139.354 37.769 6.250e+07 2
615 -4.243808 -13.209177 8.946840 197.030 -41.471 17.230 6.250e+07 2
616 -5.492931 -2.753211 7.958649 -202.196 -260.668 15.201 6.250e+07 2
617 -17.471483 4.310039 8.689208 -57.538 -77.502 3.196 6.250e+07 2
618 -3.461989 -3.903208 8.378328 -23.577 47.521 -54.317 6.250e+07 2
619 -2.051363 -2.698115 7.798308 27.592 31.282 -69.437 6.250e+07 2
620 -3.467812 -5.820258 8.461374 268.970 23.217 -2.329 6.250e+07 2
621 -0.734238 -5.079317 9.279192 81.862 81.234 91.821 6.250e+07 2
622 -4.694467 -2.988757 8.938509 -68.721 -236.242 113.390 6.250e+07 2
623 -3.031440 -3.992806 8.740667 154.203 12.722 117.721 6.250e+07 2
624 -2.705172 -2.608873 8.693829 -167.906 92.708 -48.263 6.250e+07 2
625 -8.629742 -7.657204 7.743321 -3.306 -211.625 -8.459 6.250e+07 2
626 -4.489955 -12.020193 7.303049 152.682 -94.145 24.210 6.250e+07 2
627 -11.751719 0.729727 6.914090 64.393 -205.795 29.104 6.250e+07 2
628 -3.740915 -4.228166 8.650390 -89.118 -81.833 143.799 6.250e+07 2
629 15.721078 -5.292406 9.893418 -61.835 97.772 -2.707 6.250e+07 2
630 -19.229393 -1.175039 8.450096 -35.018 -106.832 9.183 6.250e+07 2
631 -7.935603 -2.311391 7.845594 -85.851 -266.005 61.969 6.250e+07 2
632 4.178930 -9.310039 6.312634 -25.799 241.586 52.801 6.250e+07 2
633 -4.242894 -2.323372 8.606807 -243.047 -143.768 329.664 6.250e+07 2
634 -5.667339 -2.816335 9.226058 -236.791 -123.083 62.353 6.250e+07 2
635 -7.131583 -4.784042 6.818226 22.057 -76.246 0.012 6.250e+07 2
636 -4.416522 -4.561404 8.401245 31.279 197.903 80.983 6.250e+07 2
637 -2.794557 -4.902406 8.636922 -73.379 265.227 -193.097 6.250e+07 2
638 -4.341614 -4.821177 8.844375 -24.088 -8.479 -190.058 6.250e+07 2
639 -4.915631 -6.530899 8.068606 -51.553 -85.350 159.850 6.250e+07 2
640 -2.786040 -5.483330 8.289854 160.502 -32.910 -6.574 6.250e+07 2
641 -10.120150 0.340178 9.963110 -189.540 -111.084 -39.801 6.250e+07 2
642 -3.849200 -3.597641 7.923204 83.554 -70.381 137.124 6.250e+07 2
643 -2.971643 -4.025694 7.541322 104.773 124.050 80.480 6.250e+07 2
644 2.601570 -3.173805 7.830585 230.272 61.533 13.409 6.250e+07 2
645 -99.777350 -39.271843 -1.255204 -147.723 -61.156 5.528 6.250e+07 2
646 -7.710339 -0.734041 9.503042 -159.212 -217.847 -23.191 6.250e+07 2
647 -18.137727 -1.775643 10.502266 -50.077 -121.290 12.801 6.250e+07 2
648 -3.950191 -2.715654 8.270034 -180.005 -99.506 70.912 6.250e+07 2
649 -3.403900 -4.210119 7.915478 175.428 -11.225 195.376 6.250e+07 2
650 -3.514413 -3.682958 8.033472 -160.445 119.037 36.461 6.250e+07 2
651 1.874688 -1.554901 10.978042 -90.522 -10.910 7.828 6.250e+07 2
652 -13.111116 -6.350289 8.232289 -89.241 -215.004 -9.154 6.250e+07 2
653 -5.637080 -25.308058 7.643110 81.117 -87.939 9.285 6.250e+07 2
654 -8.479872 -9.924025 11.588373 16.892 -173.680 49.006 6.250e+07 2
655 -6.577494 -5.617193 8.081455 232.274 29.386 10.963 6.250e+07 2
656 -10.040739 -10.311601 7.284586 128.185 20.799 61.770 6.250e+07 2
657 -4.591663 -2.992447 8.679477 -228.514 -87.800 153.084 6.250e+07 2
658 -0.648538 -1.984743 8.207744 -254.030 112.621 -25.197 6.250e+07 2
659 3.647340 -3.235216 7.042116 -36.206 204.207 6.532 6.250e+07 2
660 -5.903590 -0.838345 8.686828 -213.575 -104.324 -87.157 6.250e+07 2
661 -3.495136 -2.246764 9.394058 -221.554 -5.538 209.850 6.250e+07 2
662 -2.630889 -4.653472 7.477374 45.659 45.797 56.135 6.250e+07 2
663 -5.419024 -4.261462 8.478774 -6.579 -57.698 166.862 6.250e+07 2
664 -3.530295 -4.757567 8.001562 -52.950 65.467 138.371 6.250e+07 2
665 3.947391 2.454760 8.235700 -39.185 191.546 10.552 6.250e+07 2
666 -3.059415 0.675718 8.568086 -222.312 36.643 17.847 6.250e+07 2
667 -0.167764 -2.551725 8.929384 -129.170 30.654 69.476 6.250e+07 2
668 -3.867329 -3.686809 8.079824 61.086 137.034 -119.913 6.250e+07 2
669 -1358.196468 477.949268 -29.272771 -3311.716 1165.351 -73.164 6.250e+07 2
670 -3.231796 -5.296063 8.119688 79.600 -176.845 -23.991 6.250e+07 2
671 -3.159991 0.914882 8.991433 -217.939 123.555 48.813 6.250e+07 2
672 -3.399027 -4.812939 9.107645 -106.427 65.819 95.522 6.250e+07 2
673 -1.570916 -0.963797 8.406992 -29.263 239.368 122.866 6.250e+07 2
674 0.030990 2.732662 7.073557 -145.193 72.625 -20.166 6.250e+07 2
675 0.162072 -6.182704 9.633137 105.912 -11.026 19.124 6.250e+07 2
676 -3.231921 -3.938652 7.934384 -20.816 245.348 12.962 6.250e+07 2
677 -3.314761 -7.434964 8.182469 168.558 74.208 -88.819 6.250e+07 2
678 -6.949194 -3.303704 8.912747 -108.514 -258.478 -14.194 6.250e+07 2
679 -5.953599 -6.740808 8.954216 143.049 185.017 161.755 6.250e+07 2
680 -4.126837 -4.292550 8.212131 62.719 -99.476 -135.242 6.250e+07 2
681 -3.784766 -5.268901 8.272998 256.152 -64.633 8.966 6.250e+07 2
682 0.463503 -7.128835 9.885367 181.810 141.766 25.509 6.250e+07 2
683 -6.192660 -26.591255 10.334075 96.875 -18.262 4.642 6.250e+07 2
684 -4.490962 -3.019553 8.278557 -102.512 -237.848 7.387 6.250e+07 2
685 -6.272117 -3.841544 8.207530 -155.704 -196.717 25.128 6.250e+07 2
686 -7.162269 -11.400994 8.625065 188.193 14.564 2.882 6.250e+07 2
687 -3.193827 -4.366098 8.653194 -186.179 141.109 157.340 6.250e+07 2
688 9.807529 -4.168091 10.703300 51.909 88.558 5.941 6.250e+07 2
689 -11.631310 -15.308866 6.155973 134.917 -43.636 12.709 6.250e+07 2
690 -4.188472 -3.650829 8.668019 -56.575 5.120 2.161 6.250e+07 2
691 1.575026 -5.795382 8.750275 86.846 225.047 100.741 6.250e+07 2
692 -3.842075 -4.111496 7.918773 -42.109 -175.551 -29.215 6.250e+07 2
693 -3.049460 -2.508069 8.735674 107.411 52.819 66.988 6.250e+07 2
694 -3.184087 -3.327526 9.891560 -253.851 200.450 217.655 6.250e+07 2
695 -4.134269 -4.148285 8.451566 -105.285 -168.388 39.667 6.250e+07 2
696 -0.847597 -3.170199 7.905139 113.088 75.478 110.826 6.250e+07 2
697 -3.800882 -4.032879 7.907510 19.009 73.897 94.330 6.250e+07 2
698 -10.088030 -5.435525 8.951912 161.846 -131.885 -38.741 6.250e+07 2
699 -7.344734 -5.066182 8.489788 79.657 -304.143 20.147 6.250e+07 2
700 -16.506427 -3.015538 6.407342 51.449 -160.917 19.724 6.250e+07 2
701 -8.943664 -4.596371 6.877644 -16.782 -191.185 -40.065 6.250e+07 2
702 -3.131695 -3.930467 8.548023 -143.343 125.828 58.968 6.250e+07 2
703 -3.952691 -4.131062 8.431163 -123.661 -328.804 -45.371 6.250e+07 2
704 -3.641565 -7.794059 6.790774 24.558 -140.387 -80.128 6.250e+07 2
705 -9.577450 -5.241106 7.884404 3.111 -277.753 -33.901 6.250e+07 2
706 -9.492365 -2.197304 7.453280 -95.159 -36.187 6.578 6.250e+07 2
707 -4.334944 -3.928897 8.404779 -71.928 -174.187 -266.739 6.250e+07 2
708 -5.728964 -0.310536 7.934524 -144.263 75.696 14.830 6.250e+07 2
709 -3.306358 -3.743268 8.173494 -3.467 5.566 125.610 6.250e+07 2
710 -2.411391 -4.517588 9.168694 92.752 164.633 -52.827 6.250e+07 2
711 -3.449057 -3.385614 8.458025 -14.836 -39.375 -23.656 6.250e+07 2
712 -4.792597 -4.745396 8.103157 62.212 -144.481 -246.782 6.250e+07 2
713 -3.938596 -4.459670 8.688951 15.981 -15.293 -11.468 6.250e+07 2
714 -2.122184 -4.206389 8.857626 84.009 -35.381 15.874 6.250e+07 2
715 1.115439 1.652877 7.692843 -28.370 126.745 19.040 6.250e+07 2
716 -0.468378 -2.129391 7.912642 -130.570 173.811 79.630 6.250e+07 2
717 -2.848531 -2.579725 7.652891 24.231 188.736 -16.946 6.250e+07 2
718 -4.377502 -3.971981 8.217200 -77.555 -294.467 82.536 6.250e+07 2
719 0.358240 -11.847319 8.579902 194.571 61.802 -10.443 6.250e+07 2
720 -7.297443 -0.264173 7.080429 -75.166 -147.224 22.987 6.250e+07 2
721 -1.789298 -5.685941 6.086086 68.786 84.901 47.818 6.250e+07 2
722 -3.799230 -3.880852 7.944380 -49.292 -133.128 251.755 6.250e+07 2
723 -11.263374 -2.168489 8.086677 -90.559 -171.738 32.220 6.250e+07 2
724 -22.849072 -8.250318 4.189218 13.969 -98.306 -2.101 6.250e+07 2
725 -5.419451 -6.952359 8.705529 146.942 -145.820 37.202 6.250e+07 2
726 -2.730105 -3.457832 8.238203 80.377 146.349 220.108 6.250e+07 2
727 -7.436443 -18.125960 8.189473 168.837 72.689 10.954 6.250e+07 2
728 -6.077510 -8.354051 10.141864 109.428 -24.309 1.514 6.250e+07 2
729 -4.751517 -3.944468 8.439100 397.209 5.710 143.533 6.250e+07 2
730 -3.900521 -3.452310 8.682272 210.653 110.449 -207.365 6.250e+07 2
731 15.868042 -8.385418 14.573717 36.658 -15.052 39.446 6.250e+07 2
732 -401.614192 -144.074697 -23.764079 -952.581 -342.896 -56.694 6.250e+07 2
733 0.012098 -8.040064 8.937894 317.192 2.571 40.773 6.250e+07 2
734 -2.903968 -2.427106 7.747656 -142.881 58.315 -118.150 6.250e+07 2
735 -2.985105 -0.068308 8.818058 -21.921 -3.857 2.364 6.250e+07 2
736 30.987400 -7.931043 -4.321271 -102.158 7.993 50.523 6.250e+07 2
737 -4.531471 -3.599919 8.323306 -103.978 -278.228 -30.576 6.250e+07 2
738 -7.591747 10.418358 8.967154 -102.997 -78.839 34.831 6.250e+07 2
739 -4.657506 -3.540510 8.837258 180.809 -13.564 23.374 6.250e+07 2
740 -6.274433 -3.338786 9.748649 185.093 -90.623 15.266 6.250e+07 2
741 -5.801225 -6.389267 8.947128 216.120 10.552 68.315 6.250e+07 2
742 -2.043171 10.520597 7.629310 -181.414 -2.201 -1.645 6.250e+07 2
743 -26.671124 6.873041 10.886653 -57.527 -99.230 13.098 6.250e+07 2
744 -7.478142 -5.612349 7.909448 243.875 -113.110 32.800 6.250e+07 2
745 -3.834506 -6.194512 8.582207 -63.952 47.743 35.786 6.250e+07 2
746 -4.423871 -3.630617 8.336795 -4.318 -334.874 60.042 6.250e+07 2
747 -5.016504 -1.454492 7.983059 -186.643 -74.587 -28.734 6.250e+07 2
748 -3.134870 -3.416857 7.117248 -30.703 -56.089 48.731 6.250e+07 2
749 1.672209 -5.001902 8.489917 206.704 128.232 -18.616 6.250e+07 2
750 -4.477257 -3.701467 8.635575 74.347 -101.774 16.839 6.250e+07 2
751 -3.641410 -4.828017 7.202993 21.372 47.671 72.976 6.250e+07 2
752 -3.506280 -3.517438 8.217093 53.688 113.304 -120.863 6.250e+07 2
753 -0.907770 -2.320618 7.953519 -153.205 26.308 10.098 6.250e+07 2
754 -3.371455 -3.417901 7.663708 -62.413 58.557 184.058 6.250e+07 2
755 -4.602133 -4.512093 8.975521 -85.782 -218.191 224.726 6.250e+07 2
756 -2.716649 -4.702851 7.873282 181.033 14.916 117.564 6.250e+07 2
757 -2.469832 -13.090456 7.417303 10.385 22.885 22.351 6.250e+07 2
758 165.754969 -110.073938 -34.995604 356.508 -237.397 -74.903 6.250e+07 2
759 -3.233637 -2.477967 8.802935 -27.611 -79.123 40.089 6.250e+07 2
760 -3.328799 -2.383883 7.658796 -145.082 172.167 -63.890 6.250e+07 2
761 -6.031149 -6.757402 8.198234 267.609 -63.282 4.525 6.250e+07 2
762 -3.708179 -3.510475 8.077011 -9.274 -134.564 80.192 6.250e+07 2
763 -2.820839 -5.512671 7.502589 92.742 102.013 -128.887 6.250e+07 2
764 -4.339591 -4.410573 8.409335 -376.654 110.530 -9.854 6.250e+07 2
765 -4.982350 -5.003178 7.239689 -60.612 -88.600 154.882 6.250e+07 2
766 -3.482818 -4.456151 7.353452 241.136 83.976 -14.749 6.250e+07 2
767 -4.525935 -1.503369 8.081689 -86.139 -77.855 70.517 6.250e+07 2
768 -3.970021 -2.884453 8.035649 -108.781 142.184 24.268 6.250e+07 2
769 -4.083222 -3.623540 8.221186 -94.897 62.366 99.413 6.250e+07 2
770 -2.773240 -0.749279 7.832728 -51.260 89.976 -10.526 6.250e+07 2
771 -4.461969 -5.190097 8.271666 91.521 -92.771 -37.380 6.250e+07 2
772 -6.886514 -5.386417 7.903914 104.202 -122.434 -50.530 6.250e+07 2
773 -4.055438 -4.003038 8.614585 22.242 36.749 186.018 6.250e+07 2
774 -3.294751 -4.459395 8.211154 227.523 108.884 -115.770 6.250e+07 2
775 -2.846638 -3.737533 7.859999 18.753 18.297 -38.537 6.250e+07 2
776 0.257450 1.648578 7.772592 -121.032 225.375 6.748 6.250e+07 2
777 -2.574163 -0.293855 8.955283 -115.785 181.621 -20.886 6.250e+07 2
778 -1.664003 0.037518 8.533998 -233.042 190.616 16.515 6.250e+07 2
779 -3.889343 -4.304389 8.743377 -39.117 -113.591 -130.269 6.250e+07 2
780 6.887953 -10.020671 5.803589 126.771 56.746 -7.546 6.250e+07 2
781 1.302518 -1.321955 0.226798 39.580 53.551 -68.355 6.250e+07 2
782 -3.374324 -5.246602 8.561161 33.266 -56.637 71.461 6.250e+07 2
783 -3.171248 -3.275644 7.391587 -61.537 133.437 -29.229 6.250e+07 2
784 -5.021956 -1.965815 8.392651 -328.046 -22.021 -95.234 6.250e+07 2
785 -4.729410 -12.731963 6.141010 162.130 23.150 38.618 6.250e+07 2
786 -7.251319 4.329569 7.244365 -55.637 -207.686 -10.089 6.250e+07 2
787 357.854166 -147.778821 41.500106 844.404 -348.832 99.699 6.250e+07 2
788 -5.732636 -5.670058 8.510404 22.730 -154.418 -81.449 6.250e+07 2
789 -14.928089 7.311723 6.862538 -136.585 -67.719 10.012 6.250e+07 2
790 -3.867026 -2.877305 7.577196 -38.320 -34.766 -92.093 6.250e+07 2
791 -4.539012 -8.496436 8.823610 166.309 -72.079 40.093 6.250e+07 2
792 -2.096462 -7.363113 8.208208 55.554 171.309 96.749 6.250e+07 2
793 -3.332034 -4.381242 9.090820 113.628 39.011 139.647 6.250e+07 2
794 -4.086924 -1.556542 8.695585 -123.764 -299.416 -116.647 6.250e+07 2
795 -4.146296 -4.353019 8.267193 -10.329 -93.071 -38.019 6.250e+07 2
796 -5.402858 -5.631858 8.372392 53.834 -253.765 92.000 6.250e+07 2
797 -5.833808 -3.730659 7.886998 -198.244 -241.598 93.048 6.250e+07 2
798 -4.645323 -3.966451 8.127140 246.543 24.802 -1.656 6.250e+07 2
799 -0.117469 -6.044710 9.411269 136.711 24.808 100.917 6.250e+07 2
800 -1.549017 -1.021571 8.102373 -152.189 292.093 53.035 6.250e+07 2
801 2.148837 4.393918 6.526436 -89.803 51.156 18.571 6.250e+07 2
802 -3.234933 -4.407079 8.773571 325.592 153.202 94.505 6.250e+07 2
803 -5.954073 -4.975425 9.670160 80.432 -42.790 -6.950 6.250e+07 2
804 -3.435457 -1.561319 6.937868 -15.773 20.086 -153.658 6.250e+07 2
805 -9.805574 -3.240394 9.305270 -47.649 -230.893 26.907 6.250e+07 2
806 -4.095019 -3.513257 8.087359 58.444 138.940 -22.220 6.250e+07 2
807 -4.783763 -1.502057 7.208570 -336.264 -83.851 84.176 6.250e+07 2
808 -13.347491 -1.555498 6.404472 -109.389 23.402 25.904 6.250e+07 2
809 -17.426600 6.367572 11.280302 -151.823 -21.485 29.296 6.250e+07 2
810 -3.319702 -5.338775 8.329182 178.636 -1.351 106.655 6.250e+07 2
811 -2.697318 -3.167890 7.355037 69.392 137.803 55.068 6.250e+07 2
812 2.941451 -16.016730 3.228469 94.441 7.676 -26.404 6.250e+07 2
813 -4.167743 -3.308124 8.153058 -176.029 97.086 20.766 6.250e+07 2
814 -2.336625 -5.027914 8.823596 120.417 272.400 -25.620 6.250e+07 2
815 -8.748700 -6.204773 6.588484 108.393 -117.682 46.005 6.250e+07 2
816 -4.007579 -3.465956 9.412902 -32.130 -5.668 40.943 6.250e+07 2
817 -1.583719 0.820914 11.006445 -108.997 88.039 80.336 6.250e+07 2
818 393.582685 -14.280276 -28.397349 930.084 -34.258 -67.468 6.250e+07 2
819 -2.671380 -10.384973 7.453975 -12.621 243.572 -15.265 6.250e+07 2
820 -7.547728 -4.132114 8.337771 66.446 -216.911 151.482 6.250e+07 2
821 -3.716476 -4.040637 8.399995 36.532 63.779 59.522 6.250e+07 2
822 -2.435370 -3.531716 8.507314 104.779 140.118 -18.660 6.250e+07 2
823 -4.003719 -5.760613 8.109155 69.943 -83.144 24.476 6.250e+07 2
824 -814.737789 -2364.461299 -7.252437 -1989.948 -5775.085 -17.818 6.250e+07 2
825 -3.791880 -2.044398 9.295617 -23.738 -32.109 40.532 6.250e+07 2
826 -5.229675 -2.868797 8.438849 -37.908 27.808 34.251 6.250e+07 2
827 -1.993487 -2.984204 8.930317 -193.164 -3.476 80.669 6.250e+07 2
828 -0.453170 -10.539432 8.437243 80.079 135.306 25.179 6.250e+07 2
829 65.206856 -959.525417 -19.989076 159.465 -2332.815 -49.336 6.250e+07 2
830 -15.142447 13.040969 9.597133 -82.479 -15.093 4.484 6.250e+07 2
831 -2.150792 -2.430711 7.608668 -66.341 170.868 -97.004 6.250e+07 2
832 -3.037019 -5.097504 8.288822 -23.827 144.604 72.746 6.250e+07 2
833 0.436272 -3.951372 8.201480 142.483 149.718 -11.251 6.250e+07 2
834 -3.640543 -5.624231 7.779634 174.771 101.107 -4.935 6.250e+07 2
835 120.040970 -1031.670142 -21.583439 291.067 -2508.981 -53.273 6.250e+07 2
836 -6.010143 -6.202595 5.980365 -56.801 -75.148 -39.788 6.250e+07 2
837 -3.920992 -4.621979 7.389620 91.820 76.406 -21.858 6.250e+07 2
838 -6.646176 -9.055953 10.690713 17.343 -78.092 5.743 6.250e+07 2
839 2.233903 -3.866465 9.438290 -102.229 73.949 31.971 6.250e+07 2
840 -6.246213 -5.166102 9.074446 88.266 -122.800 -19.921 6.250e+07 2
841 2.102474 -2.292913 10.476438 -4.015 82.826 58.029 6.250e+07 2
842 -9.160253 -5.689105 9.028781 82.706 -42.000 26.013 6.250e+07 2
843 -11.564538 -2.558900 12.113517 57.212 -63.308 -4.948 6.250e+07 2
844 -4.191018 -4.747824 7.632506 233.244 18.168 93.190 6.250e+07 2
845 -3.069098 -9.610797 8.099744 207.660 -103.092 17.427 6.250e+07 2
846 -4.965619 -5.924463 7.327801 30.032 -241.663 25.475 6.250e+07 2
847 -3.037703 -2.749560 7.862767 -129.638 86.691 36.606 6.250e+07 2
848 -377.787748 -241.080528 -41.248854 -899.567 -573.033 -99.372 6.250e+07 2
849 -7.975075 -4.117739 7.700033 -8.599 -206.066 -20.304 6.250e+07 2
850 7.487651 -11.779850 6.684221 -21.386 102.173 47.256 6.250e+07 2
851 -3.434057 -3.740404 7.885340 -136.927 185.218 70.699 6.250e+07 2
852 -12.176705 3.711050 5.413794 -119.275 29.906 1.462 6.250e+07 2
853 -3.729585 -2.728004 8.725430 -135.206 -262.741 58.310 6.250e+07 2
854 3.190119 -13.531733 7.074659 31.728 102.886 11.086 6.250e+07 2
855 -4.004374 -3.851840 8.441422 38.201 -26.140 -62.152 6.250e+07 2
856 -5.256541 -3.035754 7.662369 -74.055 -284.571 74.822 6.250e+07 2
857 -3.662335 -3.629121 7.672822 -132.977 235.380 46.280 6.250e+07 2
858 -3.960186 -3.035479 8.032574 -94.192 131.035 32.522 6.250e+07 2
859 -2.569452 -1.786918 7.390922 -126.436 107.694 98.862 6.250e+07 2
860 -3.124714 -2.447369 8.061873 -43.555 -32.890 -81.116 6.250e+07 2
861 -3.342231 -3.457371 7.787437 -236.205 223.871 -141.125 6.250e+07 2
862 -3.172228 -2.170674 7.940306 -125.009 149.719 126.749 6.250e+07 2
863 -2.055013 -0.681442 8.235717 -288.261 -126.706 85.838 6.250e+07 2
864 -2.449822 -2.209286 7.824111 -232.005 182.618 -5.176 6.250e+07 2
865 -4.544902 -4.526566 8.260128 -257.972 -144.972 50.180 6.250e+07 2
866 -2.985339 -4.820171 7.809016 128.968 183.584 38.243 6.250e+07 2
867 -6.687503 -1.340807 8.726889 -194.521 -70.517 12.765 6.250e+07 2
868 -7.360897 11.188984 8.535250 -96.018 -96.616 16.514 6.250e+07 2
869 -3.636801 -3.911356 8.396488 38.737 -161.654 -337.946 6.250e+07 2
870 -2.767935 -1.913016 7.630852 -182.261 11.071 42.386 6.250e+07 2
871 -5.086295 -6.478897 8.188937 -9.218 -106.043 41.508 6.250e+07 2
872 -10.682034 -6.644134 6.776395 102.182 -164.150 2.572 6.250e+07 2
873 -3.658797 -1.122677 7.862752 -379.532 -18.530 185.124 6.250e+07 2
874 -4.601442 -3.215978 7.920536 -85.461 88.539 24.006 6.250e+07 2
875 -2.487798 -2.740920 8.729686 74.852 99.242 124.688 6.250e+07 2
876 -4.902076 -6.133883 5.425097 102.424 1.173 167.824 6.250e+07 2
877 -5.455697 -1.822841 8.524623 23.913 12.223 94.146 6.250e+07 2
878 -0.088186 -1.149395 7.972056 -189.546 86.559 -34.365 6.250e+07 2
879 -5.046893 -1.275551 8.286872 -225.725 -22.366 18.300 6.250e+07 2
880 -10.486546 -2.453435 8.040418 -35.449 -102.206 -20.007 6.250e+07 2
881 8.758867 6.998163 6.710611 -104.731 59.424 27.898 6.250e+07 2
882 -4.841935 -4.919491 8.007564 401.502 256.401 153.426 6.250e+07 2
883 -143.959116 235.280551 36.775063 -330.850 534.662 85.102 6.250e+07 2
884 3.126068 -3.136941 8.169868 -118.764 132.990 54.503 6.250e+07 2
885 -4.079788 -6.268642 10.763284 98.374 4.587 138.694 6.250e+07 2
886 -2.062440 -10.918880 8.537608 215.262 -79.542 17.401 6.250e+07 2
887 -9.558370 -7.300058 8.174080 220.077 -156.481 40.788 6.250e+07 2
888 -3.188739 -12.135805 11.420705 179.107 -136.442 62.970 6.250e+07 2
889 -7.579092 -9.551501 7.589379 116.568 -104.945 39.046 6.250e+07 2
890 -4.036516 -4.237184 8.324027 117.259 -123.645 148.021 6.250e+07 2
891 -3.764125 -3.829876 8.726082 43.266 -141.944 -118.819 6.250e+07 2
892 -6.375679 -2.392866 8.619567 -143.461 -355.245 112.502 6.250e+07 2
893 -3.839968 -4.411196 7.832250 329.053 -46.382 -45.388 6.250e+07 2
894 -3.301631 -2.332700 7.989809 -167.618 -104.490 146.789 6.250e+07 2
895 -2.456721 -3.777249 7.717531 197.635 182.600 15.630 6.250e+07 2
896 -3.249678 -8.927600 8.682495 142.922 147.501 -40.804 6.250e+07 2
897 -4.296004 -0.586291 8.945577 -152.172 -96.493 1.185 6.250e+07 2
898 -2.084521 -3.436797 8.135225 9.666 124.114 108.711 6.250e+07 2
899 -3.410360 -4.638573 8.375762 -112.130 -119.188 -70.670 6.250e+07 2
900 0.258574 -1.853558 7.452378 -27.488 86.023 -22.720 6.250e+07 2
901 260.906438 -148.166127 -30.773893 601.561 -342.114 -71.000 6.250e+07 2
902 -520.246976 -12.709826 -33.596345 -1246.833 -31.048 -81.734 6.250e+07 2
903 -7.274809 -1.300636 7.534143 -143.413 -92.718 153.247 6.250e+07 2
904 -3.448744 -2.323070 6.879719 87.243 66.049 5.392 6.250e+07 2
905 -5.456195 -5.895155 10.721069 -27.094 21.129 -53.997 6.250e+07 2
906 -6.984317 -0.239911 9.481092 -239.113 -147.398 54.886 6.250e+07 2
907 -5.158477 -6.152040 8.051869 114.646 -17.397 -84.665 6.250e+07 2
908 5.340291 26.647550 11.948041 -76.707 48.269 17.608 6.250e+07 2
909 5.849738 -7.124115 4.624730 23.476 86.952 20.514 6.250e+07 2
910 -3.911094 -4.269986 7.641983 240.662 91.200 22.721 6.250e+07 2
911 -6.190277 1.917807 6.086031 -64.833 72.000 48.643 6.250e+07 2
912 -3.117010 -5.003162 9.378329 17.676 53.050 -102.779 6.250e+07 2
913 -6.166388 -2.641924 7.510611 -172.673 -20.634 -9.812 6.250e+07 2
914 -5.200696 -1.481324 8.787262 12.096 127.552 26.887 6.250e+07 2
915 -3.401207 -4.351343 8.730332 59.600 188.028 -106.878 6.250e+07 2
916 -4.896785 -3.873428 7.522769 214.309 -128.583 218.805 6.250e+07 2
917 -4.257656 -2.952334 8.393476 -248.464 304.306 172.672 6.250e+07 2
918 -1.882112 -0.802685 8.603396 -257.990 -17.530 -0.406 6.250e+07 2
919 -3.726345 -3.331815 8.207389 3.011 269.753 -80.732 6.250e+07 2
920 5.417210 -5.618248 8.376197 -3.180 177.630 14.507 6.250e+07 2
921 -5.647381 -7.593647 9.626024 96.452 -54.556 76.938 6.250e+07 2
922 -7.871321 -4.130686 7.626181 16.476 -165.501 -27.324 6.250e+07 2
923 -5.208164 -16.759700 4.511572 111.105 -13.231 -7.272 6.250e+07 2
924 -0.451674 -4.460031 8.509693 -10.478 357.288 -13.597 6.250e+07 2
925 -2.486316 -2.324190 7.469849 -61.979 99.809 -59.937 6.250e+07 2
926 -6.060412 -3.500176 8.436100 115.938 -46.432 -43.429 6.250e+07 2
927 -1.836501 -1.592493 7.944757 -219.820 -160.120 93.397 6.250e+07 2
928 -3.561614 -3.009121 8.545639 -273.179 -80.570 96.659 6.250e+07 2
929 -3.416962 -2.031648 8.788763 -166.948 347.545 136.550 6.250e+07 2
930 28.578633 12.140851 5.136453 -103.969 -53.832 20.705 6.250e+07 2
931 -4.215365 -2.594251 7.991456 -59.538 32.282 62.727 6.250e+07 2
932 -4.462552 -3.895274 8.356096 14.390 -263.189 255.895 6.250e+07 2
933 -3.450499 -5.596964 9.147407 141.070 238.578 -9.842 6.250e+07 2
934 1.248643 -13.191714 8.257753 110.262 54.786 -41.520 6.250e+07 2
935 -3.231098 -4.647379 7.861744 187.598 144.476 -166.261 6.250e+07 2
936 -1.661465 -1.545235 7.383156 197.157 113.548 66.951 6.250e+07 2
937 -4.369132 -3.963054 8.156557 94.561 347.349 -84.966 6.250e+07 2
938 -5.816721 -4.753886 9.036573 232.428 28.899 -19.473 6.250e+07 2
939 -3.828964 -3.794305 8.145023 32.820 -32.906 5.362 6.250e+07 2
940 -4.404830 -3.253428 8.073456 -128.954 -128.389 81.110 6.250e+07 2
941 -6.092584 -4.537544 8.274374 122.553 -123.422 85.129 6.250e+07 2
942 -5.298057 -4.815849 8.507483 -29.130 -187.081 34.763 6.250e+07 2
943 -2.329467 2.876113 6.691488 -217.333 -8.478 43.441 6.250e+07 2
944 -4.624788 -5.512424 9.840665 102.773 22.139 73.128 6.250e+07 2
945 3.048259 -3.914041 10.674196 -55.341 91.906 -16.408 6.250e+07 2
946 -3.072631 -0.390142 7.251183 -130.625 80.429 -15.276 6.250e+07 2
947 -2.335893 -8.250449 7.467676 174.085 -56.572 95.679 6.250e+07 2
948 -1.189722 1.873840 8.245884 -178.636 66.979 96.608 6.250e+07 2
949 -3.639031 -3.063821 9.044727 38.341 -43.414 3.626 6.250e+07 2
950 -3.640111 -4.920525 8.663813 -48.178 241.620 -179.182 6.250e+07 2
951 -3.028696 -4.311417 9.111716 -115.457 109.706 1.856 6.250e+07 2
952 868.823417 -444.643727 21.971130 2112.044 -1080.920 54.005 6.250e+07 2
953 1.281289 12.664784 10.440238 -115.045 1.675 4.948 6.250e+07 2
954 2.421446 -7.703770 9.510892 87.619 141.039 24.211 6.250e+07 2
955 2.158831 4.482515 6.419149 -97.504 83.316 32.086 6.250e+07 2
956 3.889628 -7.645463 9.369792 88.565 135.860 15.834 6.250e+07 2
957 -3.396705 -2.405303 7.959277 31.438 -194.441 -71.869 6.250e+07 2
958 -7.003390 -7.279262 6.400349 120.011 -204.522 48.187 6.250e+07 2
959 -3.337336 -3.676115 8.743562 -273.737 52.669 -94.529 6.250e+07 2
960 -3.758330 -2.890857 8.199275 -222.293 -51.839 26.674 6.250e+07 2
961 0.383923 -8.080494 8.270875 121.204 71.079 21.292 6.250e+07 2
962 -3.996867 -4.149888 8.356670 132.121 300.133 150.981 6.250e+07 2
963 0.746383 -6.323373 10.218921 124.670 131.855 99.458 6.250e+07 2
964 -4.164336 -3.038060 9.484553 58.702 -321.225 -54.580 6.250e+07 2
965 -3.500708 -2.322230 7.847202 -52.984 -94.358 62.939 6.250e+07 2
966 2.336456 -3.303190 7.275221 -26.170 192.946 90.942 6.250e+07 2
967 -6.211614 -6.045497 5.856015 -65.851 -69.735 -18.523 6.250e+07 2
968 0.243553 -6.607040 7.583969 97.571 197.428 -54.158 6.250e+07 2
969 -5.000449 -1.793794 7.821961 -137.680 52.043 -21.879 6.250e+07 2
970 -4.882584 -5.675525 7.756474 190.980 -345.430 83.098 6.250e+07 2
971 -4.171414 -3.786728 7.744710 -197.546 -150.466 81.116 6.250e+07 2
972 0.182150 -4.264784 7.949579 57.719 22.822 8.905 6.250e+07 2
973 -3.981876 -4.163577 8.370033 223.487 -159.198 -60.715 6.250e+07 2
974 -3.734137 -3.927261 8.046047 157.537 -100.973 -50.503 6.250e+07 2
975 2.010399 12.832679 9.063338 -89.856 1.968 24.914 6.250e+07 2
976 -4.304754 -1.363631 7.049403 -184.944 -120.922 47.442 6.250e+07 2
977 -4.002679 -4.714713 8.032053 110.714 -22.669 -31.221 6.250e+07 2
978 -5.360136 -3.658971 7.767920 157.348 -123.719 163.650 6.250e+07 2
979 -5.741288 -3.632430 8.905566 34.919 -303.446 2.195 6.250e+07 2
980 -3.761433 -4.137713 8.474000 -77.007 47.562 17.219 6.250e+07 2
981 -3.834023 -5.562217 6.947215 81.192 -179.847 1.272 6.250e+07 2
982 -4.539459 -3.827331 8.239435 113.289 16.128 139.806 6.250e+07 2
983 -4.333312 -3.476537 8.098507 114.220 38.390 -63.733 6.250e+07 2
984 -6.909045 -6.699310 8.111817 148.104 -173.513 -90.502 6.250e+07 2
985 -12.877097 -7.301889 8.513335 -14.997 -122.948 -32.174 6.250e+07 2
986 -6.118378 -3.046538 8.236073 -177.321 -306.899 6.544 6.250e+07 2
987 -4.623543 -2.999550 8.073091 -179.717 -118.191 20.696 6.250e+07 2
988 -3.650854 -3.580560 7.860300 -59.323 144.895 -85.705 6.250e+07 2
989 -13.752498 2.940629 7.479348 -6.720 -132.726 -22.077 6.250e+07 2
990 -3.892930 -3.802809 8.572101 -74.453 47.806 32.676 6.250e+07 2
991 -2.931640 -4.852341 9.192467 -114.704 -54.197 -131.428 6.250e+07 2
992 -4.758674 1.542631 8.623042 -24.208 101.998 33.278 6.250e+07 2
993 -2.260708 -2.606682 7.535248 -27.782 214.504 -74.940 6.250e+07 2
994 -1.715147 -7.522355 7.975848 161.273 104.791 -16.944 6.250e+07 2
995 -7.732760 -3.342354 9.784781 75.777 -139.543 70.544 6.250e+07 2
996 -6.996529 -1.611386 6.878089 67.247 -17.464 16.770 6.250e+07 2
997 -6.196830 -7.528005 8.400354 38.977 -268.854 47.361 6.250e+07 2
998 -3.689793 -2.075774 8.121451 -165.857 87.049 108.907 6.250e+07 2
999 -5.496507 -6.382993 7.749685 126.612 -229.943 89.734 6.250e+07 2
