# MOND N-body snapshot at t = 0.600 Gyr
# id x(kpc) y(kpc) z(kpc) vx(km/s) vy(km/s) vz(km/s) mass(M_sun) type
0 -0.638366 10.443433 13.302717 44.216 216.256 -40.199 5.000e+07 1
1 -0.000092 8.859473 19.276117 78.560 -38.413 171.554 5.000e+07 1
2 -0.588472 9.766199 12.730158 21.307 209.022 69.151 5.000e+07 1
3 -0.617998 8.462084 17.782649 1.611 114.561 34.171 5.000e+07 1
4 -2.680239 8.357524 13.429344 -60.997 77.097 -31.321 5.000e+07 1
5 -3.811956 10.816778 14.092342 -52.475 -107.686 18.557 5.000e+07 1
6 -4.173779 6.520703 15.136174 119.761 -41.245 238.709 5.000e+07 1
7 -14.021665 21.763673 14.179440 48.462 -92.972 -16.834 5.000e+07 1
8 2.333951 15.542435 17.604760 50.781 254.925 167.581 5.000e+07 1
9 -3.952519 11.387046 14.721303 -275.599 117.105 -91.372 5.000e+07 1
10 3.737452 7.739524 14.259823 46.932 118.054 142.030 5.000e+07 1
11 -1.851236 6.455023 12.989486 -20.396 5.474 7.804 5.000e+07 1
12 -4.155489 9.024424 12.711408 -116.615 -113.020 61.393 5.000e+07 1
13 -2.515213 8.890308 13.083537 216.353 1.670 90.931 5.000e+07 1
14 -7.832277 2.507421 15.960128 242.284 -35.845 46.172 5.000e+07 1
15 -2.263560 10.463836 14.398210 -378.395 227.782 -85.322 5.000e+07 1
16 -3.625742 11.596289 14.301251 48.838 -178.066 -102.171 5.000e+07 1
17 -1.650345 11.250668 15.003496 -43.431 -29.057 -271.974 5.000e+07 1
18 -4.348747 13.449327 15.873767 -71.844 -151.837 -18.042 5.000e+07 1
19 -3.152879 8.467008 15.266466 -114.669 -57.333 -30.847 5.000e+07 1
20 -3.596754 9.836098 14.147218 104.169 85.251 86.548 5.000e+07 1
21 -3.456419 10.340938 15.639396 -91.795 -75.657 5.651 5.000e+07 1
22 -1.973642 10.495898 15.192159 -2.155 132.557 -33.566 5.000e+07 1
23 -1.235167 9.298734 13.171617 243.481 -83.117 -19.014 5.000e+07 1
24 -3.340324 9.838654 13.550993 59.488 -262.068 257.311 5.000e+07 1
25 -6.355170 10.374645 13.969678 49.175 -69.350 8.796 5.000e+07 1
26 -3.190031 9.913667 14.521334 124.983 -30.417 -97.294 5.000e+07 1
27 0.024867 -2.882905 16.483785 -31.580 194.488 -70.821 5.000e+07 1
28 0.523039 11.521940 13.202314 -6.475 301.787 -65.338 5.000e+07 1
29 -11.677271 17.399371 14.208842 -23.333 -14.416 38.725 5.000e+07 1
30 -1.686670 10.588197 14.906859 -150.247 229.789 -126.798 5.000e+07 1
31 -2.940244 5.264959 13.767003 80.871 -10.075 45.099 5.000e+07 1
32 -3.062656 9.967760 15.159063 123.576 0.626 25.160 5.000e+07 1
33 -4.109442 9.441521 13.840948 15.529 -315.069 -76.224 5.000e+07 1
34 -4.282765 9.375615 13.683707 -185.947 42.739 -23.398 5.000e+07 1
35 -3.884580 8.866541 15.210406 111.959 148.830 180.586 5.000e+07 1
36 -1.176158 8.096009 4.692008 16.264 -25.053 13.784 5.000e+07 1
37 -3.445119 6.402359 14.867542 33.269 16.925 27.381 5.000e+07 1
38 -3.194473 9.470019 13.850535 -155.213 19.241 -395.334 5.000e+07 1
39 -3.134992 8.312279 15.921767 -45.540 -183.613 45.659 5.000e+07 1
40 -3.285564 8.860641 13.871487 8.170 -20.339 32.037 5.000e+07 1
41 -6.300990 8.778900 13.177350 169.766 38.417 -165.345 5.000e+07 1
42 -1.660873 9.490524 14.611019 54.009 300.294 112.677 5.000e+07 1
43 0.810477 3.451032 18.169940 8.536 161.754 -60.345 5.000e+07 1
44 -3.728417 18.767985 28.106265 -8.862 -31.656 62.799 5.000e+07 1
45 -0.925583 11.310362 14.102051 -225.377 -82.914 -19.991 5.000e+07 1
46 0.569324 11.303610 14.982900 -98.220 175.902 250.916 5.000e+07 1
47 -3.347942 8.562061 12.814394 -106.329 173.339 -4.033 5.000e+07 1
48 -1.223196 9.139244 14.287666 -4.923 6.989 -144.358 5.000e+07 1
49 -3.284271 9.828552 14.633400 -33.209 -157.323 79.472 5.000e+07 1
50 2.521192 6.557219 14.483963 71.610 84.252 21.768 5.000e+07 1
51 -5.430569 3.972512 18.085285 4.011 -14.351 9.658 5.000e+07 1
52 -1.578618 10.465630 14.225902 93.901 220.204 -157.175 5.000e+07 1
53 -3.646626 9.874558 14.084072 208.649 -128.595 69.857 5.000e+07 1
54 -16.166001 -62.242789 -49.781529 22.708 102.059 123.664 5.000e+07 1
55 0.115463 9.828891 14.070557 79.738 142.458 -20.668 5.000e+07 1
56 -4.596306 12.680777 14.053765 -109.520 -98.465 -139.108 5.000e+07 1
57 -0.346083 8.977764 14.630382 -28.234 201.692 -204.892 5.000e+07 1
58 3.159514 8.794929 17.040252 69.211 80.182 91.226 5.000e+07 1
59 -3.823148 10.796460 14.946157 117.957 -143.807 -120.137 5.000e+07 1
60 -3.147921 10.669058 13.844595 100.651 -96.816 231.998 5.000e+07 1
61 -3.035137 10.723587 14.184053 -109.381 75.961 233.262 5.000e+07 1
62 -3.239842 10.441136 14.041590 48.512 -5.126 -201.342 5.000e+07 1
63 -3.106767 9.949677 15.221617 196.670 -93.857 -6.289 5.000e+07 1
64 -2.630812 9.786194 15.076066 -30.380 -230.514 70.960 5.000e+07 1
65 -2.082859 7.629075 15.275755 199.544 253.442 -102.698 5.000e+07 1
66 -1.903958 9.538006 14.427714 12.981 178.427 -287.315 5.000e+07 1
67 -1.154645 8.711163 14.404501 -58.890 14.313 -80.716 5.000e+07 1
68 -3.075485 9.782949 15.245042 -35.583 -174.365 327.227 5.000e+07 1
69 -1.839272 10.942151 14.511729 -211.787 -7.998 222.660 5.000e+07 1
70 -6.485198 12.316728 16.328892 -104.684 6.881 -66.809 5.000e+07 1
71 -3.441228 10.459811 16.558471 4.093 -152.342 95.473 5.000e+07 1
72 -5.026765 19.133500 12.258283 -114.710 62.912 18.070 5.000e+07 1
73 -8.215688 12.085313 15.995730 -172.895 -159.926 59.225 5.000e+07 1
74 -1.406918 10.759009 14.679253 -23.066 -64.364 45.877 5.000e+07 1
75 -3.904302 13.170285 15.986659 -138.772 -77.588 -236.327 5.000e+07 1
76 0.572287 13.452461 13.684494 -95.002 -23.244 109.399 5.000e+07 1
77 -2.705312 10.704391 14.330793 -89.177 -74.369 -110.865 5.000e+07 1
78 -5.569640 7.987896 15.925187 84.048 -3.555 33.066 5.000e+07 1
79 -5.135003 9.281775 14.740778 81.739 -9.848 -73.410 5.000e+07 1
80 2.696447 9.184102 6.868686 49.072 19.187 1.684 5.000e+07 1
81 -2.731948 10.443195 13.506444 -64.687 165.665 -173.552 5.000e+07 1
82 -1.692336 4.867210 24.467794 41.459 48.512 44.582 5.000e+07 1
83 -2.400975 7.878053 14.126897 45.358 24.920 -165.699 5.000e+07 1
84 -1.598197 10.335477 14.732659 111.368 138.551 257.734 5.000e+07 1
85 -2.690695 9.611637 13.073045 272.665 28.602 175.646 5.000e+07 1
86 -4.069516 10.003897 14.447369 -14.604 -53.669 60.774 5.000e+07 1
87 2.959375 9.476940 10.351097 48.471 64.905 78.256 5.000e+07 1
88 8.089221 5.281889 11.509055 21.313 52.345 14.986 5.000e+07 1
89 -0.631401 11.968718 14.761878 -188.582 59.143 -71.259 5.000e+07 1
90 -0.952693 10.595644 13.427819 95.826 28.059 319.675 5.000e+07 1
91 -0.735367 9.785478 15.690405 -91.338 170.758 94.312 5.000e+07 1
92 -2.660295 9.441024 11.600776 -266.356 58.926 -221.644 5.000e+07 1
93 -2.964241 10.061707 14.871075 125.270 -225.337 152.528 5.000e+07 1
94 -3.284177 9.467329 14.494125 139.693 -56.526 24.087 5.000e+07 1
95 -5.985956 12.144453 16.567383 -104.485 -43.695 -75.213 5.000e+07 1
96 -2.991761 10.066530 14.436759 -27.226 -129.663 -62.324 5.000e+07 1
97 -3.804236 3.776509 11.569027 0.830 -18.245 75.397 5.000e+07 1
98 -3.220057 13.110964 9.108764 -9.458 -32.445 245.705 5.000e+07 1
99 -5.137193 10.368584 16.509299 131.832 -77.538 140.720 5.000e+07 1
100 -3.558279 11.654971 16.492099 138.592 -185.724 -167.270 5.000e+07 1
101 -3.483890 8.914724 14.864166 20.269 -149.596 183.126 5.000e+07 1
102 -2.184339 9.662012 14.570229 136.571 -123.449 195.002 5.000e+07 1
103 15.937319 122.727866 82.129614 -16.238 -110.935 -45.650 5.000e+07 1
104 0.232607 10.537295 16.487242 117.855 86.677 54.116 5.000e+07 1
105 -5.756594 4.769511 14.557657 -54.745 37.013 80.674 5.000e+07 1
106 -1.593668 9.127601 17.233617 25.022 -112.761 -20.349 5.000e+07 1
107 1.541449 11.153536 16.653083 63.133 0.926 -55.982 5.000e+07 1
108 -15.875758 -8.906317 19.409646 61.030 47.295 -28.002 5.000e+07 1
109 -3.292860 7.182443 13.913404 36.004 -123.981 -87.422 5.000e+07 1
110 -5.924940 5.325852 14.862720 127.841 150.503 8.884 5.000e+07 1
111 -2.245127 9.170743 14.667956 -151.744 156.418 56.190 5.000e+07 1
112 -1.280033 8.766701 13.871725 13.603 -81.881 -8.611 5.000e+07 1
113 -1.533358 9.953078 15.969809 16.589 -123.753 242.127 5.000e+07 1
114 -4.061855 9.606248 14.389616 74.445 -81.816 -41.560 5.000e+07 1
115 -5.019218 14.680408 14.337850 -30.029 -37.821 11.630 5.000e+07 1
116 -1.031729 6.467071 13.760400 -125.738 153.394 -18.538 5.000e+07 1
117 -0.570923 9.794353 16.060381 -59.666 -82.242 -220.300 5.000e+07 1
118 -4.041294 13.539631 13.540634 -54.994 -75.180 225.073 5.000e+07 1
119 -2.551749 11.887157 13.731488 49.071 192.259 -139.372 5.000e+07 1
120 -2.660847 10.068284 13.749916 160.667 372.295 -227.914 5.000e+07 1
121 8.472727 17.580977 20.218390 69.853 137.865 145.716 5.000e+07 1
122 -2.347277 7.149763 15.212027 223.711 97.279 -42.556 5.000e+07 1
123 -2.812195 10.461504 13.313674 52.860 -166.628 166.745 5.000e+07 1
124 -3.119202 10.577412 15.807351 -43.348 77.044 12.808 5.000e+07 1
125 -2.371687 6.659172 15.263258 148.308 -92.592 35.501 5.000e+07 1
126 11.829212 12.365596 11.773076 -246.745 -4.395 106.496 5.000e+07 1
127 -6.344907 12.271529 12.750479 29.362 -119.797 282.997 5.000e+07 1
128 -4.677537 11.079976 12.492458 -145.573 -75.634 108.851 5.000e+07 1
129 4.730218 9.483863 16.395978 57.284 -44.348 -17.663 5.000e+07 1
130 -1.054797 5.980391 14.908724 185.563 226.833 14.359 5.000e+07 1
131 -1.626362 9.726331 15.532801 8.973 110.372 83.719 5.000e+07 1
132 0.113354 11.249132 14.573922 1.695 184.394 85.473 5.000e+07 1
133 2.735519 12.386251 11.121241 -149.216 -13.456 48.945 5.000e+07 1
134 -8.368582 12.689305 16.602560 -146.741 25.412 -22.481 5.000e+07 1
135 -3.248683 10.177605 15.568371 179.749 -284.935 -185.080 5.000e+07 1
136 -3.606912 1.780703 14.223066 132.071 32.469 -1.222 5.000e+07 1
137 -0.462572 11.752301 13.766338 -205.183 -43.141 116.866 5.000e+07 1
138 -1.346547 8.851124 15.095112 192.519 -232.763 162.933 5.000e+07 1
139 3.059825 14.808437 17.314454 -75.178 -33.854 -22.654 5.000e+07 1
140 -2.751350 9.977237 15.085390 -361.429 110.083 307.164 5.000e+07 1
141 -1.878069 11.013241 11.076861 -97.323 151.506 -124.668 5.000e+07 1
142 -54.167416 -270.160518 -70.375129 10.670 53.579 29.798 5.000e+07 1
143 -5.023500 7.596745 15.293289 97.958 -97.050 -76.716 5.000e+07 1
144 -7.388722 13.836969 14.346418 -84.569 -42.385 102.078 5.000e+07 1
145 -1.689211 10.973036 14.501413 -135.328 -30.820 -55.643 5.000e+07 1
146 -2.179496 10.303534 14.493063 -185.380 -103.820 -144.573 5.000e+07 1
147 -4.917279 12.811176 15.670894 -123.804 -115.360 80.568 5.000e+07 1
148 -2.188317 9.858322 14.664835 -92.262 352.790 -10.908 5.000e+07 1
149 -2.941220 9.895304 13.313100 -17.891 -42.013 -83.069 5.000e+07 1
150 -4.311984 11.785565 14.795841 -120.614 250.269 2.808 5.000e+07 1
151 -2.086464 9.877275 12.983516 -40.402 -18.621 68.797 5.000e+07 1
152 -3.528336 9.847393 14.203438 43.482 252.103 -37.962 5.000e+07 1
153 1.053632 7.618362 15.220825 113.753 221.637 -5.395 5.000e+07 1
154 3.630294 17.029386 14.009845 2.167 -5.052 85.861 5.000e+07 1
155 -4.046412 13.748284 14.344200 -179.485 80.769 -103.836 5.000e+07 1
156 -1.085075 21.257449 20.980254 -14.717 169.742 93.758 5.000e+07 1
157 -8.555506 9.889756 13.776443 118.998 -246.610 39.345 5.000e+07 1
158 -3.047940 9.473174 13.980754 -1.438 72.688 221.295 5.000e+07 1
159 5.437381 14.720679 14.576401 22.815 76.241 82.769 5.000e+07 1
160 -2.044028 9.862732 14.131436 -118.390 -26.274 194.474 5.000e+07 1
161 -0.784490 11.868932 20.876902 -35.496 55.028 17.821 5.000e+07 1
162 -3.215238 10.787556 13.863206 -157.963 44.952 242.784 5.000e+07 1
163 -2.981352 10.533829 13.606143 -320.637 166.857 17.646 5.000e+07 1
164 -1.662808 10.863794 14.483476 266.697 3.987 -56.416 5.000e+07 1
165 -0.694132 8.534827 15.217156 -40.287 177.864 -36.822 5.000e+07 1
166 -2.479227 10.526933 14.190089 237.868 -159.045 -71.632 5.000e+07 1
167 -2.825653 9.946620 15.869911 50.104 -201.197 211.577 5.000e+07 1
168 -0.955571 14.274930 13.723612 -78.527 -18.404 56.936 5.000e+07 1
169 -2.800802 11.387479 16.144398 -213.409 -87.118 -92.354 5.000e+07 1
170 -2.168581 6.559146 16.562638 195.364 228.875 167.730 5.000e+07 1
171 -0.683716 11.386110 16.714200 -26.412 91.052 -18.335 5.000e+07 1
172 -3.461043 9.699569 14.249517 -117.606 -94.309 -110.750 5.000e+07 1
173 -2.684726 10.944223 14.716852 -37.582 44.205 35.189 5.000e+07 1
174 -2.009148 10.393182 13.299059 -70.187 52.481 84.239 5.000e+07 1
175 -4.928057 14.282475 11.398702 40.742 38.804 45.324 5.000e+07 1
176 -6.942128 5.424868 14.738807 131.534 -49.865 -33.608 5.000e+07 1
177 -32.605315 -24.331001 -33.922254 81.641 75.660 169.633 5.000e+07 1
178 -1.541424 11.624808 14.022093 -130.940 93.822 99.271 5.000e+07 1
179 -1.599427 10.373447 13.703137 56.123 -55.103 -113.976 5.000e+07 1
180 1.740159 8.329226 12.776260 -149.927 -44.667 91.050 5.000e+07 1
181 2.028287 4.320258 19.476461 200.461 -203.882 80.950 5.000e+07 1
182 -0.914597 8.544907 14.450557 197.285 81.308 -6.843 5.000e+07 1
183 -2.906909 9.557701 14.475006 191.539 -142.683 -0.079 5.000e+07 1
184 -4.375361 10.315823 14.314960 -118.147 -62.295 -66.455 5.000e+07 1
185 -3.486943 7.769187 14.233016 64.522 -94.750 -54.250 5.000e+07 1
186 -1.198026 11.209594 15.802506 -181.104 132.573 -127.457 5.000e+07 1
187 -1.689798 12.038822 13.773589 -132.558 48.720 167.937 5.000e+07 1
188 -1.526359 8.707042 15.936271 251.057 147.791 65.891 5.000e+07 1
189 -3.939012 -0.316799 13.420971 -12.064 -192.757 16.074 5.000e+07 1
190 -25.624006 -0.677052 13.199091 57.583 27.578 31.387 5.000e+07 1
191 -1.526703 11.880790 13.811777 -114.557 57.524 144.410 5.000e+07 1
192 1.942737 4.886698 14.151309 125.059 185.376 17.246 5.000e+07 1
193 -2.767682 10.467315 13.982912 63.197 -86.148 302.807 5.000e+07 1
194 -1.980930 9.852157 14.676644 -0.931 197.711 295.034 5.000e+07 1
195 -7.278424 10.719939 15.888891 -168.449 -209.116 82.809 5.000e+07 1
196 9.059292 0.540439 16.269191 66.996 -21.309 3.485 5.000e+07 1
197 -3.173160 10.373510 15.329681 -5.480 10.782 -66.655 5.000e+07 1
198 -2.629714 9.891614 13.887337 -19.254 -142.833 -65.763 5.000e+07 1
199 -4.153049 13.986598 13.635605 15.008 128.549 -86.969 5.000e+07 1
200 -3.106006 10.497157 15.113071 68.669 57.611 60.355 6.250e+07 2
201 -8.952842 5.558964 11.474104 204.072 -68.223 21.260 6.250e+07 2
202 -0.529103 8.398531 14.945232 -103.159 47.026 55.666 6.250e+07 2
203 -2.636950 10.320622 14.242477 188.965 -9.671 74.299 6.250e+07 2
204 -0.698128 2.991656 14.372702 114.919 153.101 -8.886 6.250e+07 2
205 -0.820256 13.087709 14.944638 -153.034 -12.052 -68.629 6.250e+07 2
206 2.066102 12.029257 16.159789 -66.638 84.042 -40.310 6.250e+07 2
207 82.202375 -474.756796 -62.107737 127.670 -736.410 -96.829 6.250e+07 2
208 -4.189799 19.192629 14.709763 -70.275 -111.751 -12.504 6.250e+07 2
209 -2.651592 10.785101 14.353316 -111.938 187.584 -76.052 6.250e+07 2
210 -3.349962 10.298208 14.293720 116.744 93.628 136.099 6.250e+07 2
211 -3.842394 8.796490 14.208861 301.751 84.131 -46.727 6.250e+07 2
212 -13.992314 8.635867 15.204685 12.454 -252.548 55.575 6.250e+07 2
213 -5.496022 9.570822 15.279974 76.108 -117.157 33.133 6.250e+07 2
214 2.991976 18.354840 13.125503 -146.456 36.774 47.502 6.250e+07 2
215 -44.921926 -18.142060 14.898012 94.784 66.492 15.717 6.250e+07 2
216 -3.640941 17.432974 14.153176 -188.502 -73.125 81.176 6.250e+07 2
217 -599.288516 156.414859 35.539540 -946.809 247.494 57.022 6.250e+07 2
218 -0.746182 8.681582 14.587772 -31.083 136.489 48.610 6.250e+07 2
219 -4.713709 7.382606 14.357000 170.660 -31.416 -31.632 6.250e+07 2
220 -4.266314 8.917297 14.762529 102.591 38.084 -52.902 6.250e+07 2
221 2.237974 10.441978 17.419528 -152.567 8.095 -37.351 6.250e+07 2
222 -7.310482 13.844677 12.832902 -252.568 92.371 -30.529 6.250e+07 2
223 -5.387943 4.415056 15.765394 88.886 -200.041 5.248 6.250e+07 2
224 0.807144 13.840592 14.505619 -26.076 120.412 47.444 6.250e+07 2
225 -3.112044 7.357033 12.975941 112.049 -42.724 110.788 6.250e+07 2
226 1.898332 8.839874 14.611554 25.108 206.760 -6.454 6.250e+07 2
227 -8.853320 13.846822 16.190813 -118.982 -116.734 29.277 6.250e+07 2
228 -2.909069 11.287938 13.624084 -334.697 145.627 -15.749 6.250e+07 2
229 7.557894 15.921780 13.900129 -112.274 173.788 32.660 6.250e+07 2
230 -3.755191 11.553785 14.230121 9.414 -35.744 69.440 6.250e+07 2
231 -0.779075 17.257742 14.997460 -179.676 192.729 153.017 6.250e+07 2
232 -0.703824 7.729031 15.195198 166.800 286.250 41.141 6.250e+07 2
233 -3.757204 14.212527 12.901772 -108.982 25.554 -87.233 6.250e+07 2
234 -1.391953 9.701427 13.193886 30.021 -110.010 133.350 6.250e+07 2
235 222.480155 -581.426795 -47.288828 351.458 -919.470 -78.321 6.250e+07 2
236 -1.309094 8.422000 13.793887 135.422 45.932 -64.790 6.250e+07 2
237 -0.209500 5.257621 16.001736 108.882 -48.854 -11.199 6.250e+07 2
238 -3.185073 10.374330 14.450143 147.666 -116.238 230.869 6.250e+07 2
239 0.658147 9.262141 14.187580 -74.541 314.048 36.529 6.250e+07 2
240 -2.527409 6.216116 15.423960 306.483 67.070 57.894 6.250e+07 2
241 -123.052982 189.482836 4.988856 -188.124 293.899 14.414 6.250e+07 2
242 -4.533663 8.758152 15.815169 224.129 154.827 -89.269 6.250e+07 2
243 -0.471916 15.474224 15.581723 -115.357 87.843 38.819 6.250e+07 2
244 -1.730827 10.579661 14.429359 -168.685 208.384 120.710 6.250e+07 2
245 -2.660452 11.675526 14.129630 -8.988 -206.980 -43.675 6.250e+07 2
246 -2.090404 9.997040 14.592743 223.237 -194.413 -29.090 6.250e+07 2
247 4.899025 11.735685 16.472192 16.152 162.220 33.862 6.250e+07 2
248 -7.029882 10.504234 15.118211 -70.933 -176.801 -5.043 6.250e+07 2
249 -3.634764 6.177282 13.615264 260.186 11.170 -31.385 6.250e+07 2
250 -306.455508 380.503611 47.488281 -474.766 590.051 74.766 6.250e+07 2
251 -2.759037 9.325526 14.662095 171.181 63.745 -184.250 6.250e+07 2
252 5.658767 11.607882 15.766709 -38.580 143.888 39.953 6.250e+07 2
253 -3.329660 13.015408 14.398434 -64.673 224.299 122.742 6.250e+07 2
254 -2.658645 11.075743 15.113090 -37.858 9.962 237.548 6.250e+07 2
255 -1.371113 11.680610 15.336218 -48.399 275.587 112.946 6.250e+07 2
256 -4.845248 7.304443 15.433398 135.325 -276.526 -53.594 6.250e+07 2
257 -3.756064 10.075417 14.229092 57.088 -128.664 273.127 6.250e+07 2
258 -3.184730 9.857638 14.108621 325.820 -56.529 -208.462 6.250e+07 2
259 -2.247161 9.451999 15.836573 -5.179 204.975 -2.041 6.250e+07 2
260 -2.249810 11.475472 14.562809 -188.193 -54.759 -122.414 6.250e+07 2
261 0.121130 10.831855 13.922296 -307.076 65.869 69.161 6.250e+07 2
262 -2.929545 9.946439 15.311591 3.455 -361.997 2.830 6.250e+07 2
263 -4.939930 12.951164 17.434503 -79.580 47.830 -18.760 6.250e+07 2
264 -17.053459 21.189265 20.150762 -165.642 11.928 57.426 6.250e+07 2
265 -5.888461 1.203183 12.702293 158.256 234.949 88.562 6.250e+07 2
266 -3.300392 9.505914 15.489367 213.260 9.581 -58.250 6.250e+07 2
267 -1.573894 9.927110 14.092756 169.745 127.326 -91.758 6.250e+07 2
268 0.242055 8.459404 14.840140 187.406 104.975 -75.758 6.250e+07 2
269 -2.595295 10.327160 14.128020 143.147 52.940 -148.838 6.250e+07 2
270 -2.282666 9.984840 13.566808 150.532 -67.736 -96.742 6.250e+07 2
271 -0.424763 9.903723 13.882801 -98.550 -8.438 14.940 6.250e+07 2
272 -7.297607 23.595899 14.233212 -155.264 81.298 3.299 6.250e+07 2
273 9.773215 -16.452828 10.594730 -86.172 198.387 30.867 6.250e+07 2
274 -6.194399 12.702909 11.859736 112.019 -86.545 168.916 6.250e+07 2
275 -3.198471 10.556522 14.561957 71.155 76.065 40.602 6.250e+07 2
276 -0.584387 4.786343 15.690669 221.276 82.482 47.557 6.250e+07 2
277 -2.982053 9.933384 14.727379 168.134 -2.371 64.591 6.250e+07 2
278 -2.575071 6.982819 14.936879 -16.354 63.012 73.073 6.250e+07 2
279 -3.499069 10.103345 14.550968 19.809 -190.830 -51.853 6.250e+07 2
280 -2.102354 9.775261 14.239245 181.033 62.158 35.321 6.250e+07 2
281 -6.449482 7.985384 15.886391 25.977 -144.100 51.879 6.250e+07 2
282 -2.461404 10.930491 14.946859 3.347 185.232 117.917 6.250e+07 2
283 -1.380213 10.716479 14.646523 38.218 87.927 111.976 6.250e+07 2
284 -1.502135 13.522844 13.965525 -242.305 7.837 36.804 6.250e+07 2
285 -1.900086 9.528477 15.012221 8.584 -69.069 30.340 6.250e+07 2
286 -11.158624 10.434777 14.101797 -182.428 -90.387 5.225 6.250e+07 2
287 -1.278361 9.988579 14.813811 103.852 257.331 53.267 6.250e+07 2
288 0.048791 14.785591 15.303910 -190.432 296.167 23.193 6.250e+07 2
289 -4.838181 10.502387 13.806914 -157.563 -80.903 -46.404 6.250e+07 2
290 1.799493 14.163500 16.863444 -164.521 67.541 64.697 6.250e+07 2
291 -0.999208 10.794852 15.085497 253.340 219.229 -32.582 6.250e+07 2
292 -2.668624 9.335688 14.646289 275.106 -35.606 103.546 6.250e+07 2
293 -2.003928 11.013458 14.875002 -103.465 108.417 259.584 6.250e+07 2
294 -11.482555 9.699830 14.161642 46.785 -87.267 63.244 6.250e+07 2
295 73.593257 -191.831243 -57.287815 96.292 -243.969 -74.095 6.250e+07 2
296 -12.915878 10.351530 11.886785 44.235 -32.551 69.536 6.250e+07 2
297 -3.893885 20.279423 15.344084 -126.672 153.015 44.514 6.250e+07 2
298 -2.382623 10.097034 14.080453 -36.390 121.681 264.423 6.250e+07 2
299 -2.139420 10.200498 15.597723 -145.476 -67.004 -11.673 6.250e+07 2
300 -3.779861 7.509490 14.227682 182.362 -206.373 55.486 6.250e+07 2
301 -11.986806 21.360111 9.526693 -35.154 -118.153 93.848 6.250e+07 2
302 -2.947898 10.087614 14.395182 179.504 56.085 -56.459 6.250e+07 2
303 -2.912848 9.975645 12.964110 142.759 -141.045 147.228 6.250e+07 2
304 -2.800229 22.926848 11.639908 -101.325 -74.562 16.586 6.250e+07 2
305 -2.407338 11.190018 15.496745 -390.406 57.319 -54.561 6.250e+07 2
306 -4.368786 15.717940 15.115759 -254.314 -58.074 3.576 6.250e+07 2
307 -3.442597 8.605421 14.568831 227.738 -116.128 -3.423 6.250e+07 2
308 2.722158 2.571874 14.405230 145.608 190.595 66.734 6.250e+07 2
309 3.247595 48.972674 -5.986522 -21.317 -104.102 74.212 6.250e+07 2
310 -13.671990 5.278169 13.962959 125.813 -40.328 -1.774 6.250e+07 2
311 -251.985545 194.763162 0.403856 -364.290 283.509 2.835 6.250e+07 2
312 -11.197318 10.578167 13.903632 -191.547 -96.524 0.765 6.250e+07 2
313 -2.843493 9.326264 15.584479 167.989 -54.534 156.474 6.250e+07 2
314 -2.153393 10.374578 14.354702 242.456 -94.065 -118.127 6.250e+07 2
315 -3.014223 10.667888 14.315503 232.353 32.637 38.968 6.250e+07 2
316 -8.177661 15.199533 14.995971 -160.097 -104.887 70.699 6.250e+07 2
317 -3.566733 9.286834 14.169053 57.425 -164.589 -107.609 6.250e+07 2
318 -2.996633 8.837085 14.423367 52.258 -155.346 114.162 6.250e+07 2
319 -1.240668 9.988578 14.300598 189.010 304.141 34.212 6.250e+07 2
320 -8.185896 2.205903 14.227168 149.711 -65.847 4.813 6.250e+07 2
321 -7.189841 7.831442 19.421329 85.452 -88.855 17.195 6.250e+07 2
322 -1.914848 6.943963 14.527920 121.530 93.674 97.102 6.250e+07 2
323 -3.132361 10.555960 13.579571 23.015 72.482 186.229 6.250e+07 2
324 -5.703274 8.606285 14.293262 19.449 -249.954 -78.224 6.250e+07 2
325 -2.772243 10.255494 13.999193 -4.081 78.004 -118.159 6.250e+07 2
326 -3.168022 5.781023 14.767858 167.572 -9.910 86.790 6.250e+07 2
327 -4.460633 5.119483 12.998420 209.768 86.554 71.448 6.250e+07 2
328 -8.669383 9.657150 14.397179 125.273 -176.670 108.569 6.250e+07 2
329 -2.912766 10.825373 14.783721 -118.814 -224.319 -90.153 6.250e+07 2
330 -1.793196 14.035973 15.918671 -115.101 21.615 -22.739 6.250e+07 2
331 -4.218028 11.442208 14.442770 -189.704 18.799 68.135 6.250e+07 2
332 93.263282 -125.093892 4.691655 125.693 -145.150 2.110 6.250e+07 2
333 1.494705 17.504287 15.588547 -145.293 -14.231 4.957 6.250e+07 2
334 5.218015 11.030694 14.840161 122.866 191.076 -24.434 6.250e+07 2
335 -41.686999 -51.094478 -6.571705 19.131 42.809 31.171 6.250e+07 2
336 -100.094788 -333.984062 2.115502 -148.299 -495.170 4.496 6.250e+07 2
337 -4.314069 11.877897 13.629664 -131.612 -77.278 158.191 6.250e+07 2
338 -0.313752 31.338301 17.432245 -106.495 24.276 21.090 6.250e+07 2
339 -3.570837 9.763434 12.022581 -124.575 118.067 19.663 6.250e+07 2
340 -21.370726 -0.525495 14.224538 104.363 -20.691 5.154 6.250e+07 2
341 -1.600659 9.364701 14.968949 99.975 123.858 255.827 6.250e+07 2
342 -2.011906 10.819294 14.613540 -80.688 -80.786 208.721 6.250e+07 2
343 -5.017555 9.154019 14.750084 43.589 -143.141 88.750 6.250e+07 2
344 -2.619177 10.050023 15.417555 -60.986 -164.449 192.473 6.250e+07 2
345 -12.579458 17.112192 13.422610 18.210 -129.505 26.644 6.250e+07 2
346 55.966220 132.665580 -41.621470 49.536 129.177 -32.029 6.250e+07 2
347 -2.422541 10.441993 14.535670 387.404 5.825 116.248 6.250e+07 2
348 -2.601824 11.409070 14.739585 -153.045 -64.458 -100.220 6.250e+07 2
349 -1.580599 10.623532 15.084407 127.278 -47.291 -50.832 6.250e+07 2
350 -0.806178 11.765074 14.063058 -33.855 219.596 -25.533 6.250e+07 2
351 -2.046612 10.263556 13.695571 -52.589 -34.769 -70.151 6.250e+07 2
352 -7.674031 12.241891 12.087778 5.471 -37.533 21.289 6.250e+07 2
353 1.302834 6.288514 15.146370 90.406 136.418 5.515 6.250e+07 2
354 -2.074650 11.706197 13.794609 -155.549 -156.861 16.722 6.250e+07 2
355 -2.949587 10.383311 15.188421 -314.621 -96.272 149.506 6.250e+07 2
356 0.319056 7.025638 16.124464 115.258 136.427 104.241 6.250e+07 2
357 -8.657138 9.592315 14.223019 79.499 -51.885 53.413 6.250e+07 2
358 -5.304748 7.960393 15.160091 226.438 115.458 -56.236 6.250e+07 2
359 -1.811046 10.759071 14.516695 -197.004 68.834 181.889 6.250e+07 2
360 -0.034944 12.995514 14.669633 -122.608 109.007 0.155 6.250e+07 2
361 93.056748 -121.864985 5.205521 79.423 -130.775 15.002 6.250e+07 2
362 -1.191914 9.895864 14.045185 210.430 34.912 93.840 6.250e+07 2
363 2.240109 10.592190 16.388988 -51.122 111.147 -1.575 6.250e+07 2
364 1.745242 14.456645 14.213700 -240.435 216.757 53.970 6.250e+07 2
365 -1.423839 9.556349 17.247566 118.357 113.979 -8.710 6.250e+07 2
366 46.154916 -73.383217 -1.690086 78.027 -84.161 6.045 6.250e+07 2
367 -3.811582 10.258759 13.872435 72.070 -67.649 2.871 6.250e+07 2
368 -2.333396 -0.036091 14.461791 85.545 -60.305 -38.798 6.250e+07 2
369 0.313442 16.614613 15.758764 -145.482 124.195 49.657 6.250e+07 2
370 8.088619 6.974495 15.385751 26.562 193.098 5.704 6.250e+07 2
371 163.946189 -312.391028 -0.496297 242.615 -464.010 -0.189 6.250e+07 2
372 -0.125488 11.004985 13.818835 72.129 109.284 -85.043 6.250e+07 2
373 1.009868 7.886466 14.542145 263.352 1.311 -63.792 6.250e+07 2
374 -1.185478 10.618720 14.631189 -122.420 133.467 74.555 6.250e+07 2
375 -8.657901 6.300955 13.114388 86.269 -172.210 47.586 6.250e+07 2
376 -0.385747 8.940027 12.730362 135.695 232.585 -8.773 6.250e+07 2
377 -1.390751 5.626206 14.309339 6.187 69.695 7.512 6.250e+07 2
378 -3.792064 13.667182 15.633340 -146.230 42.514 13.916 6.250e+07 2
379 -3.196859 9.990159 14.526270 -175.162 -147.229 -6.325 6.250e+07 2
380 -2.037770 11.004791 14.530299 305.647 94.390 8.644 6.250e+07 2
381 14.239954 -8.361768 14.448649 0.361 120.571 20.061 6.250e+07 2
382 -3.013347 8.465142 14.794050 -163.017 -125.840 64.515 6.250e+07 2
383 -3.829442 9.779200 13.696400 125.343 -94.502 69.970 6.250e+07 2
384 -2.322455 8.143018 15.305121 72.510 -66.849 -68.211 6.250e+07 2
385 -1.888117 11.003513 14.403852 -51.413 -34.981 222.699 6.250e+07 2
386 10.960740 -7.715714 18.390485 98.178 48.118 20.530 6.250e+07 2
387 -2.946572 10.775527 13.831842 -21.684 124.006 12.355 6.250e+07 2
388 -7.488311 7.657099 16.614631 121.090 -67.862 -84.658 6.250e+07 2
389 -2.713618 10.052445 13.903873 217.144 -48.760 -110.653 6.250e+07 2
390 -1.971813 11.086127 13.934038 -153.111 276.709 -61.666 6.250e+07 2
391 -2.792555 9.615847 14.205624 205.659 29.909 138.890 6.250e+07 2
392 -3.554660 10.244837 14.602920 97.754 63.811 150.545 6.250e+07 2
393 -1.075733 5.785936 14.347130 196.161 3.131 61.388 6.250e+07 2
394 -3.565896 8.616667 14.959510 235.214 -78.844 71.436 6.250e+07 2
395 -112.706466 -537.187993 -20.505991 -176.376 -842.029 -31.703 6.250e+07 2
396 1.898421 11.501186 14.844715 66.639 135.454 71.829 6.250e+07 2
397 -3.194950 10.001594 14.605440 -58.201 169.300 -164.075 6.250e+07 2
398 -7.552287 6.169255 15.729711 6.683 -109.060 60.463 6.250e+07 2
399 -1.717201 14.104503 13.193823 -127.460 50.597 86.438 6.250e+07 2
400 -2.796148 9.799958 15.026906 -0.302 94.080 -81.999 6.250e+07 2
401 -3.192048 9.663261 14.919803 174.689 -99.865 21.961 6.250e+07 2
402 -2.271708 10.278760 14.827361 -262.472 22.824 114.408 6.250e+07 2
403 -2.842957 10.655048 15.167188 -60.648 194.203 23.648 6.250e+07 2
404 -2.485314 11.465736 14.895386 -324.067 -108.621 -25.430 6.250e+07 2
405 -2.853252 10.033554 14.887175 145.470 59.384 166.351 6.250e+07 2
406 -3.473343 9.049854 14.521479 220.706 -192.437 94.974 6.250e+07 2
407 -2.015743 10.535799 14.249383 113.320 63.793 -289.291 6.250e+07 2
408 -2.146266 12.079111 14.475291 -55.388 -3.425 151.417 6.250e+07 2
409 -2.670321 11.115017 14.360047 -111.772 190.935 -39.952 6.250e+07 2
410 -24.517159 18.063125 13.363389 -0.984 -55.482 24.113 6.250e+07 2
411 1.252312 9.281481 13.909905 61.805 276.525 26.400 6.250e+07 2
412 6.786973 5.135199 14.246555 28.573 258.514 30.235 6.250e+07 2
413 -2.214969 10.493241 15.535502 37.442 -38.209 -8.198 6.250e+07 2
414 21.668001 7.109566 16.165216 75.876 101.824 9.637 6.250e+07 2
415 -9.268810 17.628082 17.367720 -104.841 -15.846 67.406 6.250e+07 2
416 -1.686548 11.713161 13.891863 57.956 0.960 68.989 6.250e+07 2
417 -4.345416 8.779535 14.648584 165.326 -19.156 92.734 6.250e+07 2
418 -2.819628 10.499129 15.239114 -203.560 -94.255 77.176 6.250e+07 2
419 -1853.986741 1235.091247 -37.275061 -3014.216 2008.017 -61.671 6.250e+07 2
420 0.745770 12.436196 14.569889 -40.452 74.947 74.241 6.250e+07 2
421 -4.030348 9.707224 14.491602 -79.728 -234.309 -79.877 6.250e+07 2
422 -4.811373 9.415893 14.409694 110.335 -205.934 18.033 6.250e+07 2
423 -2.384933 10.787346 14.129568 -227.146 103.515 -88.661 6.250e+07 2
424 -2.101947 11.274783 14.096088 -74.944 244.867 -90.098 6.250e+07 2
425 366.054010 1221.650693 56.165626 592.136 1976.452 91.604 6.250e+07 2
426 -1.926947 8.744799 16.135663 27.406 318.710 -120.834 6.250e+07 2
427 -1.663376 10.008865 15.879070 -33.546 106.024 -210.863 6.250e+07 2
428 -686.425497 -332.441985 35.323392 -1096.273 -530.828 57.112 6.250e+07 2
429 -2.657978 9.979424 14.674306 -109.008 -12.869 -160.594 6.250e+07 2
430 2.937088 9.315859 14.808651 145.503 206.580 -30.755 6.250e+07 2
431 -14.164441 6.426320 15.834215 34.809 -116.966 -19.774 6.250e+07 2
432 -265.984868 -242.348686 62.760471 -397.201 -361.506 98.153 6.250e+07 2
433 201.340169 49.462570 -8.869549 250.114 64.592 -5.230 6.250e+07 2
434 -3.676597 10.259007 15.643129 -44.151 43.211 -16.858 6.250e+07 2
435 -2.587163 15.704839 13.063721 -200.070 23.004 -45.366 6.250e+07 2
436 -3.796081 7.821486 14.868722 93.543 -132.128 73.485 6.250e+07 2
437 -2.203787 10.756331 14.238259 -171.461 -16.715 169.211 6.250e+07 2
438 -0.573747 9.686229 14.830382 52.028 140.777 -164.516 6.250e+07 2
439 -3.252061 14.077036 12.374101 -115.861 153.001 -74.041 6.250e+07 2
440 -6.949266 8.017041 15.746577 159.608 37.736 -3.208 6.250e+07 2
441 -3.270601 10.633042 14.899373 -167.329 161.350 -80.935 6.250e+07 2
442 -1.964246 10.326706 14.624412 39.178 241.578 111.569 6.250e+07 2
443 9.996688 7.151561 13.619306 -87.041 248.438 55.015 6.250e+07 2
444 -3.702147 11.094369 13.437797 -66.229 84.653 -120.784 6.250e+07 2
445 -1.342066 15.191064 14.861195 -202.374 -141.255 -66.899 6.250e+07 2
446 -2.834020 10.173579 14.566186 -118.678 -110.558 77.107 6.250e+07 2
447 -4.295194 10.987821 13.794947 -59.626 -362.881 6.826 6.250e+07 2
448 -3.353570 10.262968 14.494915 -92.528 -135.748 63.502 6.250e+07 2
449 -1.469249 12.087388 15.094094 -123.500 64.078 71.443 6.250e+07 2
450 -2.555010 8.925209 14.830379 109.178 209.029 -52.075 6.250e+07 2
451 -5.570061 10.016557 14.646702 -101.496 -94.589 138.028 6.250e+07 2
452 -0.981698 7.230898 17.119335 -9.335 198.569 6.646 6.250e+07 2
453 -5.764363 8.671075 14.432022 68.268 -46.099 123.938 6.250e+07 2
454 -259.694994 668.581327 62.447268 -413.682 1064.554 101.293 6.250e+07 2
455 -5.149560 10.433239 15.183117 51.375 -92.255 45.223 6.250e+07 2
456 -8.494011 10.426383 15.405634 -66.912 -110.151 -34.902 6.250e+07 2
457 0.174320 9.639756 13.786103 69.289 194.098 -84.953 6.250e+07 2
458 -5.990230 7.887258 14.448660 76.974 -53.032 -0.119 6.250e+07 2
459 -2.942983 10.089422 14.383496 -172.635 -149.988 21.655 6.250e+07 2
460 -3.282114 12.177118 14.246836 -111.663 97.058 92.484 6.250e+07 2
461 -2.338015 12.255925 14.504716 -251.669 -75.613 75.338 6.250e+07 2
462 -2.119336 9.050268 14.466079 200.095 -111.689 41.097 6.250e+07 2
463 -2.545555 10.862154 15.727891 -218.999 56.140 -64.115 6.250e+07 2
464 8.836284 7.002359 16.608484 98.715 167.592 47.606 6.250e+07 2
465 -5.303650 8.496480 14.248359 52.325 -126.246 -67.721 6.250e+07 2
466 -21.137272 16.839606 13.774632 63.862 -67.091 1.589 6.250e+07 2
467 -5.078917 11.212066 14.703387 -223.209 61.858 62.978 6.250e+07 2
468 4.197697 7.911044 13.275908 -14.052 151.168 -20.687 6.250e+07 2
469 -3.374729 10.710253 14.335888 181.091 -109.979 188.967 6.250e+07 2
470 -2.258020 9.856323 14.474102 -8.595 13.945 88.681 6.250e+07 2
471 -3.002706 4.738608 14.964436 186.942 -10.083 118.862 6.250e+07 2
472 -9.245999 31.670206 11.263694 -82.899 -6.748 -2.769 6.250e+07 2
473 108.149816 -302.316807 -48.315077 159.287 -441.931 -69.446 6.250e+07 2
474 -5.873419 9.225933 14.320159 39.567 -194.576 8.783 6.250e+07 2
475 -12.767014 25.091925 14.852865 -96.694 -24.236 11.642 6.250e+07 2
476 -2.878915 10.140472 14.771547 60.502 185.131 -54.447 6.250e+07 2
477 -227.564226 -952.225021 32.003681 -366.292 -1532.781 51.904 6.250e+07 2
478 -0.959183 10.733874 13.919467 -116.848 224.445 -74.962 6.250e+07 2
479 -1.634102 9.433055 14.423584 97.765 234.278 268.301 6.250e+07 2
480 -6.479689 7.588828 15.568392 161.752 -268.835 38.484 6.250e+07 2
481 -1.639123 9.725393 13.891269 99.278 179.325 170.856 6.250e+07 2
482 -4.141341 11.738280 13.933798 -74.401 -225.583 11.575 6.250e+07 2
483 -1.959462 10.331905 15.619443 -69.644 111.063 260.612 6.250e+07 2
484 -1.665035 10.043676 14.589671 170.535 177.466 4.627 6.250e+07 2
485 -9.215677 14.858433 14.402592 -199.197 22.714 -8.170 6.250e+07 2
486 -4.365179 10.311631 13.737506 57.372 -82.334 46.549 6.250e+07 2
487 -2.701795 13.313116 11.294600 -178.581 21.402 1.283 6.250e+07 2
488 -5.196323 8.728106 15.281366 98.856 -115.049 65.848 6.250e+07 2
489 -2.193869 9.795458 14.564257 -40.634 188.554 68.705 6.250e+07 2
490 -2.564483 10.283821 14.903417 -87.593 -6.235 -26.218 6.250e+07 2
491 -1.789569 6.786752 13.001243 356.422 12.000 150.213 6.250e+07 2
492 -3.670215 13.115456 15.687518 -213.852 33.795 8.982 6.250e+07 2
493 -11.357893 -0.961446 17.327073 21.681 -119.823 46.223 6.250e+07 2
494 -2.983268 9.720630 14.938359 -43.664 -269.219 -32.461 6.250e+07 2
495 -2.779205 12.286320 15.656247 -152.682 203.364 132.119 6.250e+07 2
496 -3.446392 10.203195 14.299761 186.868 -64.115 113.811 6.250e+07 2
497 -3.404353 9.811012 14.914819 42.129 62.249 80.640 6.250e+07 2
498 -1.833506 6.597689 15.995107 -102.265 2.303 36.695 6.250e+07 2
499 -3.172956 9.090213 14.687115 82.218 -33.204 186.398 6.250e+07 2
500 -2.402160 10.985257 14.075064 -7.457 -69.543 167.713 6.250e+07 2
501 -0.487373 11.101574 13.233933 -26.246 251.443 37.207 6.250e+07 2
502 10.921965 16.879293 11.036543 63.988 167.276 5.065 6.250e+07 2
503 -2.515335 10.613605 13.752264 -151.087 59.351 134.014 6.250e+07 2
504 -0.836131 11.753970 13.594932 -47.283 137.477 10.961 6.250e+07 2
505 0.925076 11.666647 13.686491 -142.081 126.188 -19.044 6.250e+07 2
506 -2.600459 15.404128 13.608832 -54.029 -28.724 46.494 6.250e+07 2
507 -1084.541714 -415.201487 -37.606687 -1752.013 -670.718 -60.741 6.250e+07 2
508 -9.124539 6.568123 14.755265 67.030 -155.281 -6.839 6.250e+07 2
509 -1.916916 6.187710 16.345364 222.411 37.941 -5.186 6.250e+07 2
510 2.159026 -0.271646 12.288183 132.866 226.708 53.396 6.250e+07 2
511 -2.202625 9.704017 15.462639 -128.708 -19.007 90.111 6.250e+07 2
512 -3.684043 15.770941 15.983966 -166.342 65.854 55.068 6.250e+07 2
513 -5.496122 6.434611 16.048295 97.893 -74.875 75.878 6.250e+07 2
514 2.884680 1.858162 15.500564 50.147 271.645 34.757 6.250e+07 2
515 -1.899553 11.276445 14.469908 -103.355 197.150 -18.773 6.250e+07 2
516 46.242981 -73.143894 -1.778270 67.363 -96.976 -2.340 6.250e+07 2
517 -0.702021 11.549678 14.812282 38.053 156.287 -22.137 6.250e+07 2
518 -7.833684 12.294429 15.846228 -268.963 -113.912 33.064 6.250e+07 2
519 -8.236520 9.643509 14.796457 -111.155 -277.086 94.122 6.250e+07 2
520 -2.984421 9.204383 14.436511 113.924 -182.509 27.037 6.250e+07 2
521 10.921503 16.912535 11.026036 49.967 140.717 5.540 6.250e+07 2
522 -3.325327 10.162929 15.671206 57.315 -24.505 140.996 6.250e+07 2
523 4.672825 7.423871 12.797475 73.896 195.820 -34.121 6.250e+07 2
524 -2.412727 10.276077 14.598235 28.442 284.682 13.481 6.250e+07 2
525 -0.606062 9.164913 14.594772 82.847 166.339 -21.865 6.250e+07 2
526 3.006088 11.059735 16.317063 23.233 116.279 127.345 6.250e+07 2
527 -2.008721 10.488564 14.861229 -191.694 325.294 20.104 6.250e+07 2
528 -1.456579 10.167188 14.308359 -105.718 304.641 98.879 6.250e+07 2
529 -2.221902 10.379457 14.031448 153.485 -59.452 0.037 6.250e+07 2
530 -2.353790 9.937592 14.291486 50.432 -154.118 -36.619 6.250e+07 2
531 -8.999260 14.270741 12.684689 -114.945 -95.391 -35.098 6.250e+07 2
532 3.926152 11.448855 14.759615 -18.409 152.978 40.582 6.250e+07 2
533 -2.464847 10.723111 14.464348 5.819 309.423 108.494 6.250e+07 2
534 -2.322619 8.841332 14.983271 301.384 4.879 -78.882 6.250e+07 2
535 -4.456082 10.419150 14.332920 138.060 -69.617 42.815 6.250e+07 2
536 -1.022983 15.399983 14.326734 -94.945 144.790 97.723 6.250e+07 2
537 -4.017416 9.845517 14.663596 169.711 -58.285 -81.648 6.250e+07 2
538 -2.733625 10.186028 14.590208 -8.746 149.486 103.947 6.250e+07 2
539 -2.903345 9.775355 14.471296 236.364 135.189 -5.546 6.250e+07 2
540 -1.168387 6.560254 15.713360 134.567 -67.191 13.882 6.250e+07 2
541 2.373987 13.344691 14.071952 -86.863 209.831 93.230 6.250e+07 2
542 -0.205328 13.194382 13.012948 -223.226 234.242 126.411 6.250e+07 2
543 -2.728532 10.766640 14.280759 -18.489 95.299 -72.948 6.250e+07 2
544 -123.124715 189.333879 5.116757 -198.318 299.186 0.635 6.250e+07 2
545 -2.010428 10.798247 14.293175 54.786 -25.147 157.189 6.250e+07 2
546 -3.728469 11.381063 15.079546 20.996 -214.783 -105.315 6.250e+07 2
547 -3.589820 10.755414 14.547822 -139.883 -159.802 153.454 6.250e+07 2
548 -2.724206 10.796187 14.793243 -267.046 143.002 -23.718 6.250e+07 2
549 -5.867625 7.700385 11.484203 43.555 -56.743 76.801 6.250e+07 2
550 -12.286577 6.806779 16.652522 -42.889 -190.773 6.617 6.250e+07 2
551 -3.568008 11.230030 14.941781 5.475 -158.324 -33.772 6.250e+07 2
552 -0.643954 9.164937 14.646784 61.447 184.229 -24.298 6.250e+07 2
553 -2.507051 9.920768 16.951869 44.801 165.786 -92.408 6.250e+07 2
554 -3.676333 9.603230 13.361752 65.007 -190.665 248.640 6.250e+07 2
555 -8.144485 28.314212 9.685588 -56.392 -99.499 1.981 6.250e+07 2
556 2.421730 10.184434 16.875131 -43.419 176.336 -16.082 6.250e+07 2
557 -3.791627 8.584646 15.220680 132.873 32.068 -14.207 6.250e+07 2
558 -5.236332 9.522439 13.311087 10.589 -240.167 -15.321 6.250e+07 2
559 -1.256139 11.009528 14.645033 44.635 158.779 150.698 6.250e+07 2
560 -0.464361 15.455914 15.099419 -278.423 -45.576 102.320 6.250e+07 2
561 -2.993338 10.924679 14.916117 -133.411 52.134 0.520 6.250e+07 2
562 3.322877 11.483006 14.091178 -269.853 142.166 7.566 6.250e+07 2
563 0.494058 7.625311 13.932007 242.605 96.403 -52.733 6.250e+07 2
564 -3.335595 5.443172 16.166149 121.174 -16.709 100.700 6.250e+07 2
565 1.337621 12.373588 16.658995 -105.981 118.975 120.681 6.250e+07 2
566 -12.527444 18.007767 12.972788 -77.570 -129.819 10.340 6.250e+07 2
567 6.869336 25.857234 14.054197 -44.330 79.991 -7.985 6.250e+07 2
568 2.877572 7.899246 12.752847 30.391 82.887 4.642 6.250e+07 2
569 -3.516883 10.124588 14.905369 87.707 -2.550 19.421 6.250e+07 2
570 -1.505041 11.439651 15.797965 -270.669 -38.057 43.973 6.250e+07 2
571 -0.807890 9.107860 13.103662 86.060 -0.751 -66.223 6.250e+07 2
572 -2.649379 10.404262 14.411191 100.810 16.184 98.321 6.250e+07 2
573 -0.598295 8.872497 14.228166 -8.026 295.009 172.977 6.250e+07 2
574 -5.795140 6.989251 14.104684 200.960 -150.796 82.354 6.250e+07 2
575 -2.276207 8.961108 13.908912 56.675 61.298 -18.305 6.250e+07 2
576 -2.782199 10.069663 15.114849 24.278 -212.089 -122.038 6.250e+07 2
577 -4.059321 8.814395 13.949095 -24.606 -151.448 -194.467 6.250e+07 2
578 9.686732 1.372146 13.499261 -85.800 190.691 -3.481 6.250e+07 2
579 883.771275 -2283.836664 0.461151 1437.427 -3714.618 0.820 6.250e+07 2
580 -3.740840 10.309102 14.178766 -131.570 -332.837 -30.779 6.250e+07 2
581 1.548078 8.156820 14.218250 107.572 214.510 -0.860 6.250e+07 2
582 1.331540 18.934513 17.370426 -57.383 152.788 10.317 6.250e+07 2
583 -4.320217 5.902116 16.145291 237.998 -193.235 161.335 6.250e+07 2
584 -6.984972 19.351311 19.266662 -133.960 31.930 48.592 6.250e+07 2
585 -2.927400 9.184150 13.719152 1.111 -12.390 92.560 6.250e+07 2
586 -1.919654 5.284712 16.561187 139.534 61.058 20.423 6.250e+07 2
587 -3.072972 5.433900 16.299260 156.479 -112.149 -23.485 6.250e+07 2
588 -1.788061 6.592714 15.971598 -90.683 6.921 80.819 6.250e+07 2
589 0.293015 12.372478 16.314140 39.774 63.394 23.528 6.250e+07 2
590 -2.108113 13.744082 15.482480 -92.077 258.102 88.572 6.250e+07 2
591 -5.299188 6.105971 15.932093 39.671 -140.802 65.825 6.250e+07 2
592 -2.948066 10.449141 14.925055 -1.857 204.928 60.065 6.250e+07 2
593 -2.357031 13.961107 15.072329 -219.284 62.934 -29.701 6.250e+07 2
594 -1.642701 9.701545 13.881778 39.641 189.677 -64.993 6.250e+07 2
595 -2.225187 9.538287 13.835313 10.496 140.898 176.581 6.250e+07 2
596 -4.138656 15.681067 13.589033 -157.487 -96.372 3.950 6.250e+07 2
597 -4.482853 6.307631 14.776788 101.880 76.332 -69.041 6.250e+07 2
598 -1.087350 9.622928 14.382849 -74.671 155.655 113.992 6.250e+07 2
599 -2.927387 10.037049 13.410195 -34.772 -15.899 104.729 6.250e+07 2
600 1.998320 17.486119 14.123042 -101.638 -32.015 46.962 6.250e+07 2
601 5.395510 6.685223 11.167311 -3.992 124.923 -14.664 6.250e+07 2
602 -6.190219 24.512368 13.800771 -141.341 50.670 -7.439 6.250e+07 2
603 -1.485453 2.498680 13.928090 184.135 -108.133 90.663 6.250e+07 2
604 -5.708327 12.189211 15.886344 -77.614 -98.075 109.936 6.250e+07 2
605 -4.770209 9.826108 13.315185 13.328 -154.680 30.996 6.250e+07 2
606 3.525693 16.979016 14.134727 -203.223 124.123 25.483 6.250e+07 2
607 -1.866840 11.960680 14.823008 -220.234 62.060 -41.370 6.250e+07 2
608 -1.445970 10.431402 14.398282 -26.631 -90.018 216.463 6.250e+07 2
609 2.656894 6.011682 13.235558 -36.865 306.498 22.709 6.250e+07 2
610 0.099388 8.159941 14.574420 67.328 169.113 204.114 6.250e+07 2
611 -2.744462 7.878952 15.106531 95.200 326.206 -45.311 6.250e+07 2
612 -2.243474 9.745319 14.166365 -21.339 -49.791 -75.258 6.250e+07 2
613 -4.393160 11.072458 13.810822 -142.270 -0.705 104.435 6.250e+07 2
614 -5.158205 14.112074 14.637258 -204.850 -61.804 -14.062 6.250e+07 2
615 -0.980299 11.735172 13.718131 -225.346 90.390 66.882 6.250e+07 2
616 -1.261067 12.688715 14.694757 -53.265 31.545 -21.916 6.250e+07 2
617 -4.357884 10.992341 14.950471 -75.074 -21.124 -85.314 6.250e+07 2
618 3.231792 9.659549 14.965187 227.839 155.159 -50.898 6.250e+07 2
619 -7.709243 16.441995 15.789531 -133.256 -77.208 -12.322 6.250e+07 2
620 -3.095103 9.621765 15.666412 37.459 201.856 146.497 6.250e+07 2
621 -4.028010 9.627604 15.248136 -192.458 -120.050 42.121 6.250e+07 2
622 12.244235 1.719302 16.233550 114.395 123.511 56.930 6.250e+07 2
623 -3.856631 18.002853 14.225675 -260.781 -37.885 21.556 6.250e+07 2
624 0.174977 10.270335 14.666060 156.329 168.109 49.080 6.250e+07 2
625 -11.451939 4.775982 13.286065 19.854 -146.343 5.435 6.250e+07 2
626 -2.088722 8.842016 15.167403 71.424 -67.935 -90.160 6.250e+07 2
627 -0.510138 15.530013 14.907977 -225.054 48.336 -85.449 6.250e+07 2
628 -1.782021 11.181610 14.402459 -202.934 226.940 104.081 6.250e+07 2
629 -12.597374 18.748595 10.554086 -166.237 58.381 -25.772 6.250e+07 2
630 -7.172992 10.558709 14.685522 -50.728 -156.103 16.234 6.250e+07 2
631 -3.088520 9.265870 14.278257 -89.608 -66.350 22.155 6.250e+07 2
632 1.085204 9.542414 13.693396 -68.278 284.548 120.554 6.250e+07 2
633 2.092366 9.578501 14.252471 96.681 -14.515 29.783 6.250e+07 2
634 -3.914521 4.200895 14.090445 282.849 -0.089 83.395 6.250e+07 2
635 -7.511827 4.167774 14.446776 60.549 -114.561 -55.847 6.250e+07 2
636 -11.936307 4.190257 14.000766 103.628 -33.061 -17.810 6.250e+07 2
637 -1.496583 9.453034 14.608882 -55.087 2.070 143.994 6.250e+07 2
638 -3.352105 11.201036 14.329371 -83.879 -89.774 -40.238 6.250e+07 2
639 -3.315345 18.191668 15.657068 -225.634 -123.516 38.100 6.250e+07 2
640 -1.678203 12.906246 15.100722 -187.266 -5.823 49.987 6.250e+07 2
641 -2.849671 10.426730 14.324955 -256.675 17.572 -105.230 6.250e+07 2
642 -2.599772 10.184483 14.703385 -159.536 60.772 31.172 6.250e+07 2
643 -3.939815 10.529122 14.845936 202.478 -83.407 -71.826 6.250e+07 2
644 -3.601178 10.460044 14.310104 -121.033 -49.979 55.232 6.250e+07 2
645 -1.863141 10.997717 15.758292 70.150 -10.275 61.859 6.250e+07 2
646 -1.585651 10.253038 16.665830 101.836 85.947 -22.123 6.250e+07 2
647 7.538257 9.863019 14.151977 85.824 66.695 -40.596 6.250e+07 2
648 1.949198 -5.149664 18.262469 139.995 7.808 16.521 6.250e+07 2
649 -2.573717 10.242901 15.271891 101.028 -184.433 61.158 6.250e+07 2
650 -4.237047 7.442663 13.924349 295.865 -104.145 54.352 6.250e+07 2
651 -8.285160 6.140352 13.651067 104.811 -131.553 17.532 6.250e+07 2
652 -7.798296 -9.462132 16.255269 90.066 95.995 -24.100 6.250e+07 2
653 -3.924942 10.400714 14.526657 24.491 -92.273 -119.672 6.250e+07 2
654 -2.293607 10.403098 14.477776 -67.388 -54.870 -236.335 6.250e+07 2
655 1.772676 -0.578608 17.611813 107.907 34.868 23.424 6.250e+07 2
656 -3.232040 8.899662 14.133491 124.579 -189.741 44.228 6.250e+07 2
657 5.704423 2.744004 15.016064 211.626 79.609 65.042 6.250e+07 2
658 -1.631336 6.506798 14.608860 -107.929 248.159 166.213 6.250e+07 2
659 -4.169801 9.829510 15.052127 -209.277 -192.622 59.747 6.250e+07 2
660 -2.614445 9.759496 15.796013 102.191 -176.347 -17.463 6.250e+07 2
661 -11.450121 8.965738 13.957273 54.480 -163.879 -31.864 6.250e+07 2
662 -2.238348 8.781373 15.121030 30.060 -76.318 -69.072 6.250e+07 2
663 -4.234992 8.808313 14.432627 -6.232 -148.638 82.743 6.250e+07 2
664 -2.075114 10.567870 15.356139 -123.615 152.360 58.934 6.250e+07 2
665 -2.602840 11.049126 15.516951 -115.051 131.494 194.639 6.250e+07 2
666 -8.569259 8.873330 15.921598 144.533 -125.304 -20.173 6.250e+07 2
667 -0.200807 12.153662 14.088473 -150.686 71.807 -29.430 6.250e+07 2
668 -2.082736 10.650418 15.131807 -90.116 1.107 -47.724 6.250e+07 2
669 -2.094478 10.283326 14.189020 -112.001 49.627 228.762 6.250e+07 2
670 -3.796580 10.332190 14.438709 182.716 -114.680 -30.483 6.250e+07 2
671 3.655521 2.231905 15.033855 44.481 145.453 12.788 6.250e+07 2
672 -2.026565 9.634963 15.598527 108.937 30.524 -42.174 6.250e+07 2
673 0.153179 9.579480 13.935018 -222.708 324.026 89.558 6.250e+07 2
674 -11.172260 5.901729 14.364451 209.244 -75.608 4.421 6.250e+07 2
675 -2.853004 10.328498 14.727971 -148.187 157.710 -95.694 6.250e+07 2
676 7.713881 19.384368 14.350179 -77.870 125.982 12.329 6.250e+07 2
677 -3.019350 9.585457 15.854019 74.918 39.827 68.601 6.250e+07 2
678 -2.049467 10.297436 13.536938 160.094 81.960 27.173 6.250e+07 2
679 -2.994770 10.618230 13.987451 -128.238 -1.561 120.114 6.250e+07 2
680 0.126626 9.527859 13.885143 -165.322 369.355 82.670 6.250e+07 2
681 12.383999 12.709425 13.728932 -58.263 204.515 6.134 6.250e+07 2
682 -1.295826 7.854329 14.226289 167.898 81.818 119.456 6.250e+07 2
683 -1.777465 7.266547 14.699599 147.173 184.102 -29.504 6.250e+07 2
684 -0.416570 12.611842 16.054239 -167.968 131.177 13.447 6.250e+07 2
685 -1.477893 10.779135 12.622954 -96.873 190.665 110.118 6.250e+07 2
686 5.413391 9.397500 19.439831 116.384 158.780 94.319 6.250e+07 2
687 -1.386055 9.517458 13.219163 -225.034 170.826 91.690 6.250e+07 2
688 -0.750665 16.725919 15.873979 -168.219 -61.911 -44.236 6.250e+07 2
689 -1.457300 6.091379 14.850522 114.764 21.713 -68.258 6.250e+07 2
690 -2.430462 11.211448 14.625964 -71.524 -55.772 -3.162 6.250e+07 2
691 -1.736478 12.278931 14.621030 -25.618 -74.245 49.648 6.250e+07 2
692 -2.053649 12.535080 14.493034 -223.355 242.729 -30.247 6.250e+07 2
693 -16.381866 21.758472 11.030100 -6.915 -53.271 26.914 6.250e+07 2
694 7.406726 17.536681 20.783410 -57.759 115.479 52.884 6.250e+07 2
695 -1.565792 10.732505 15.124745 -316.495 195.010 -85.981 6.250e+07 2
696 6.771369 9.697974 14.610632 -87.138 237.530 61.319 6.250e+07 2
697 12.860883 21.358453 13.789166 -145.927 16.552 8.703 6.250e+07 2
698 -1.903068 7.510101 15.696497 40.054 17.093 78.197 6.250e+07 2
699 -7.559062 7.789601 15.058275 75.370 -110.273 31.291 6.250e+07 2
700 -3.622327 2.357546 14.121607 71.568 158.787 -58.520 6.250e+07 2
701 -2.791971 10.317765 14.486420 114.705 11.886 -3.823 6.250e+07 2
702 0.272833 3.488237 11.868027 117.968 88.055 1.857 6.250e+07 2
703 -2.276371 6.678159 14.354241 290.030 12.009 133.071 6.250e+07 2
704 -2.319796 9.469494 13.892769 183.280 31.867 -57.765 6.250e+07 2
705 -2.656307 9.822849 14.421688 188.366 108.458 171.383 6.250e+07 2
706 1.736376 10.968361 14.013058 2.381 156.355 44.327 6.250e+07 2
707 -6.773611 6.855811 14.087131 179.112 -41.666 102.179 6.250e+07 2
708 -8.286997 6.203624 15.676431 143.272 -3.967 20.851 6.250e+07 2
709 -1.499773 12.092721 15.103235 -62.061 -6.091 33.917 6.250e+07 2
710 -2.532899 9.090236 14.483739 92.857 78.496 -47.671 6.250e+07 2
711 -7.155743 2.951162 15.018831 195.200 -28.589 31.837 6.250e+07 2
712 -1.419206 6.998283 13.845869 51.778 299.031 16.700 6.250e+07 2
713 -2.939167 10.480163 14.443244 -53.751 -87.696 314.858 6.250e+07 2
714 -3.089468 10.028550 14.323312 -36.052 -175.436 48.318 6.250e+07 2
715 -12.687836 6.808838 15.455450 79.055 -151.410 65.621 6.250e+07 2
716 7.605116 5.905970 22.497854 -25.830 52.050 -5.979 6.250e+07 2
717 -2.961104 10.346009 14.262139 -25.984 51.116 -1.146 6.250e+07 2
718 -0.856859 18.522376 15.801827 -66.463 -68.025 -57.247 6.250e+07 2
719 0.857222 2.863158 14.625737 116.146 -56.321 -39.402 6.250e+07 2
720 -0.245674 13.189894 12.253708 -110.721 -62.701 135.966 6.250e+07 2
721 -2.315288 10.241621 14.910883 -47.223 -1.440 118.866 6.250e+07 2
722 -0.122486 11.715453 13.284191 -106.305 227.550 40.210 6.250e+07 2
723 -2.554935 9.757868 14.622587 -45.928 -206.262 -53.009 6.250e+07 2
724 -3.027763 12.082642 14.187744 -79.177 -202.130 147.936 6.250e+07 2
725 1.684425 9.515136 13.947681 92.308 285.953 -1.307 6.250e+07 2
726 -6.919293 16.010648 14.207038 -262.406 -19.067 12.666 6.250e+07 2
727 -5.902731 4.708091 15.720317 19.015 -111.463 19.747 6.250e+07 2
728 -1.369078 9.066365 14.923313 24.811 80.002 -51.507 6.250e+07 2
729 -1.881185 10.227548 14.572792 -135.162 174.202 -98.984 6.250e+07 2
730 -2.781766 9.902910 14.300578 -238.537 118.600 -12.044 6.250e+07 2
731 107.844790 -154.242329 -53.202786 131.236 -188.828 -61.855 6.250e+07 2
732 -2.735265 10.600419 14.195729 -150.355 -20.810 -35.236 6.250e+07 2
733 0.671201 16.734769 13.138736 -195.635 11.224 88.757 6.250e+07 2
734 -1.904520 10.932188 14.672919 48.397 -137.029 149.428 6.250e+07 2
735 -2.058887 10.282758 15.172517 -51.461 -192.731 -152.047 6.250e+07 2
736 2.813399 7.923993 12.797811 10.902 116.633 6.373 6.250e+07 2
737 0.592684 14.894404 21.551524 -52.480 -103.977 -83.705 6.250e+07 2
738 -2.058815 10.649542 14.661145 -221.475 221.736 86.228 6.250e+07 2
739 -1.153885 6.928851 14.747555 85.967 228.340 55.583 6.250e+07 2
740 -2.659025 10.512597 14.798256 -32.019 -246.016 146.494 6.250e+07 2
741 -2.027568 4.542947 13.554474 113.988 -18.587 43.430 6.250e+07 2
742 -2.572416 10.551785 15.097229 -87.506 60.055 213.765 6.250e+07 2
743 -6.609321 14.050066 16.221663 -229.367 -79.026 41.917 6.250e+07 2
744 -2.061544 10.035473 14.331558 -105.325 7.189 -92.261 6.250e+07 2
745 -1.963519 10.350291 14.531745 88.372 -30.216 -4.861 6.250e+07 2
746 -1.852295 9.805043 14.598837 97.745 142.423 146.643 6.250e+07 2
747 -6.903163 17.839828 15.235408 -252.885 151.542 1.647 6.250e+07 2
748 0.553826 9.937205 16.025453 264.857 136.700 12.194 6.250e+07 2
749 -1.633289 9.377606 14.412255 -61.600 374.492 129.300 6.250e+07 2
750 -66.551176 222.808455 -11.736875 -88.996 290.988 -10.705 6.250e+07 2
751 -3.190321 10.595490 14.155528 121.481 -140.045 -34.328 6.250e+07 2
752 -1.376412 11.131369 14.761716 -196.747 139.568 73.429 6.250e+07 2
753 -1.673155 9.977920 14.544450 54.120 125.789 92.235 6.250e+07 2
754 -3.150875 10.713241 13.210700 4.896 124.413 -248.010 6.250e+07 2
755 -2.852169 8.622254 14.825132 89.384 -186.687 -67.842 6.250e+07 2
756 -11.128675 10.602287 13.905427 -210.048 -115.470 64.762 6.250e+07 2
757 -2.095411 11.471636 13.813799 -134.586 -19.975 -6.841 6.250e+07 2
758 -3.750952 11.471297 14.419342 -133.218 -68.659 -27.466 6.250e+07 2
759 -0.112872 10.456736 13.900184 -202.657 87.768 60.999 6.250e+07 2
760 -0.770793 10.979390 14.567101 -158.504 131.351 4.611 6.250e+07 2
761 -4.501532 10.863101 14.735099 19.462 -327.087 76.695 6.250e+07 2
762 -0.896115 8.855642 13.654679 111.586 -82.518 -213.804 6.250e+07 2
763 -2.285588 9.768564 14.940742 67.708 -108.757 10.411 6.250e+07 2
764 -1.819550 10.034835 14.511073 106.652 -84.276 47.799 6.250e+07 2
765 -4.942721 13.373152 15.520717 -16.558 -69.177 53.494 6.250e+07 2
766 0.307644 12.990214 14.139504 -163.676 173.169 -54.066 6.250e+07 2
767 -2.634995 10.634559 14.260908 -59.338 310.105 -124.151 6.250e+07 2
768 -2.324945 10.384443 14.199122 279.571 14.232 -125.644 6.250e+07 2
769 -1.989080 9.667212 15.385115 -376.000 3.758 -49.450 6.250e+07 2
770 -1.017266 3.569241 16.354345 70.561 -62.851 95.354 6.250e+07 2
771 -2.472522 10.302086 14.553170 -137.910 -60.637 266.807 6.250e+07 2
772 -4.625111 9.057175 13.828113 -11.502 -137.374 117.601 6.250e+07 2
773 -3.859496 10.995687 13.681340 -136.048 -127.331 -55.252 6.250e+07 2
774 -3.256611 9.494290 14.699198 172.481 -281.545 42.838 6.250e+07 2
775 -1.694619 9.107089 13.467891 214.100 -90.112 -51.135 6.250e+07 2
776 -2.783426 9.993160 14.438341 -240.908 57.263 -34.304 6.250e+07 2
777 -9.789019 17.104948 14.860369 -122.388 -100.156 -16.156 6.250e+07 2
778 -3.966689 9.727530 14.799408 93.192 -307.439 -172.042 6.250e+07 2
779 -3.171788 12.061631 13.961164 -143.822 13.040 -166.905 6.250e+07 2
780 -2.070264 5.079926 14.145334 236.403 -0.093 27.271 6.250e+07 2
781 -3.900437 10.290037 14.946012 -55.564 84.301 8.207 6.250e+07 2
782 -7.300706 18.664855 16.234550 -249.226 -23.092 39.572 6.250e+07 2
783 -3.861953 15.218755 14.613516 -203.254 73.213 -46.051 6.250e+07 2
784 -2.048285 10.502433 14.604325 198.859 43.559 -11.364 6.250e+07 2
785 0.208874 11.752247 16.013865 -177.866 23.799 -53.288 6.250e+07 2
786 1.530683 9.176856 16.444140 141.459 157.000 101.018 6.250e+07 2
787 -6.326891 7.946412 15.597772 205.501 -59.799 -0.322 6.250e+07 2
788 -3.062408 11.144659 15.287181 -153.102 25.287 85.817 6.250e+07 2
789 -4.767692 2.217039 16.531089 132.469 -79.338 23.406 6.250e+07 2
790 -1.968397 11.245357 14.460486 -131.926 -0.984 89.943 6.250e+07 2
791 -4.131211 9.230448 14.809528 16.397 -180.244 -34.121 6.250e+07 2
792 4.302617 9.507907 12.484259 -24.241 237.919 -7.245 6.250e+07 2
793 -0.543915 11.041672 14.686332 19.448 87.007 -29.898 6.250e+07 2
794 -2.177860 9.907073 14.629260 57.022 114.419 106.281 6.250e+07 2
795 1.798553 14.070458 14.587797 -154.136 131.958 -18.549 6.250e+07 2
796 -1.530349 12.133526 14.300340 -217.002 58.603 -120.321 6.250e+07 2
797 -7.925105 11.446625 14.035302 -72.472 -135.941 16.885 6.250e+07 2
798 -2.645450 10.329004 14.369474 193.426 57.826 -199.249 6.250e+07 2
799 -3.221694 9.201906 18.175111 30.746 -1.734 72.481 6.250e+07 2
800 4.845203 19.134738 12.046842 -68.773 95.080 -10.083 6.250e+07 2
801 -3.554991 11.640911 15.902290 -249.648 39.788 30.832 6.250e+07 2
802 -1.950604 12.733735 15.065719 -111.910 -28.194 -31.157 6.250e+07 2
803 -8.638629 12.103820 12.645027 105.291 -181.045 23.114 6.250e+07 2
804 -1.306839 8.181629 14.001449 415.578 152.653 91.673 6.250e+07 2
805 -3.316660 8.845601 15.727316 -50.961 -29.491 185.093 6.250e+07 2
806 -6.638772 10.123458 13.796022 88.981 -178.806 59.292 6.250e+07 2
807 -3.157539 2.571222 15.080202 171.137 142.978 72.626 6.250e+07 2
808 -2.360612 10.393444 14.539996 -136.424 -8.364 -50.963 6.250e+07 2
809 -1.808488 10.507108 14.967936 -90.831 237.765 26.496 6.250e+07 2
810 -1.179192 11.344130 13.745923 -88.052 64.172 194.775 6.250e+07 2
811 8.315445 10.179558 11.990771 -47.314 222.648 14.082 6.250e+07 2
812 0.816931 5.903562 13.440703 117.675 194.718 -4.764 6.250e+07 2
813 -1.781555 7.593557 15.366536 230.716 172.535 -87.732 6.250e+07 2
814 -2.088391 10.900138 14.173154 -162.025 64.725 205.591 6.250e+07 2
815 1.338378 10.436891 14.328928 -25.689 167.460 48.850 6.250e+07 2
816 -1.239810 12.624485 13.919821 33.184 48.812 -8.973 6.250e+07 2
817 -2.451622 9.595385 14.753818 34.770 92.042 74.936 6.250e+07 2
818 -9.104663 31.612849 11.305821 -74.250 -31.527 27.546 6.250e+07 2
819 1.986208 5.559792 16.271199 61.523 115.329 72.418 6.250e+07 2
820 -7.689445 8.277185 16.428717 49.314 -96.100 45.385 6.250e+07 2
821 3.096596 13.409130 15.609919 -52.306 242.323 26.975 6.250e+07 2
822 -1.417960 10.908837 14.265014 -162.276 13.630 -129.259 6.250e+07 2
823 -1.820826 9.693683 15.125588 75.022 -5.006 112.988 6.250e+07 2
824 -6.249158 4.894360 14.988760 225.820 17.835 171.175 6.250e+07 2
825 -6.239671 15.716075 14.972653 -62.797 -98.808 36.401 6.250e+07 2
826 -1.493590 9.023606 14.190115 3.138 153.549 186.753 6.250e+07 2
827 2.671586 8.443775 15.010147 289.650 173.764 54.063 6.250e+07 2
828 -1.601374 9.927454 13.585568 -122.499 102.727 59.531 6.250e+07 2
829 -1.974594 9.206509 14.446712 -192.506 304.693 19.837 6.250e+07 2
830 -2.221731 10.656383 14.677459 -158.489 365.603 111.169 6.250e+07 2
831 -3.985527 13.073722 13.928644 -203.483 -105.274 -20.898 6.250e+07 2
832 -0.954209 14.332523 15.615122 -46.699 5.779 -58.771 6.250e+07 2
833 -1.628409 9.386546 14.741778 -3.988 280.090 115.919 6.250e+07 2
834 -0.780264 10.564577 13.779855 -188.302 156.800 -76.269 6.250e+07 2
835 -1.960548 11.620576 15.182013 -260.570 120.780 44.757 6.250e+07 2
836 -2.076764 8.846759 15.604222 49.908 187.639 1.981 6.250e+07 2
837 -1.232941 10.146764 14.135853 15.708 38.701 54.925 6.250e+07 2
838 -2.950103 9.596876 14.360330 64.709 -68.369 -59.902 6.250e+07 2
839 -3.685202 13.868141 13.860463 -196.903 126.515 -34.069 6.250e+07 2
840 -2.719916 10.186074 14.094750 118.507 163.936 -205.488 6.250e+07 2
841 -16.276195 12.653344 14.383750 -58.815 -116.152 23.097 6.250e+07 2
842 -2.377550 11.508817 13.980040 -255.496 118.897 131.893 6.250e+07 2
843 2.202594 9.138315 14.768554 -147.473 136.572 -63.098 6.250e+07 2
844 -0.395237 12.177572 16.131780 127.040 131.573 166.807 6.250e+07 2
845 -2.945532 10.303984 13.593844 -166.035 102.856 182.517 6.250e+07 2
846 0.225012 7.297156 13.920730 205.374 186.769 82.199 6.250e+07 2
847 3.180506 6.307313 14.217975 125.870 188.292 76.862 6.250e+07 2
848 2.796000 12.112401 13.592957 -76.218 106.597 -9.275 6.250e+07 2
849 -8.700580 10.242279 13.824269 -136.045 -235.817 -62.137 6.250e+07 2
850 -2.585872 12.355425 14.276598 22.446 -124.551 -24.357 6.250e+07 2
851 -4.797325 12.044204 14.027232 -252.140 -11.442 88.324 6.250e+07 2
852 1.022425 8.399374 14.224699 188.046 166.548 -12.665 6.250e+07 2
853 -3.245265 9.792421 15.121774 103.390 -169.561 85.148 6.250e+07 2
854 -9.574048 0.033127 14.673758 83.707 -53.449 -10.231 6.250e+07 2
855 -3.489966 7.102443 14.478422 190.997 -83.540 8.781 6.250e+07 2
856 -2.149984 10.115427 14.539397 284.574 -145.424 80.582 6.250e+07 2
857 -1.072488 6.719934 14.661154 126.311 298.106 70.957 6.250e+07 2
858 -4.148136 7.553564 13.820210 147.322 -72.625 50.518 6.250e+07 2
859 -1.948769 7.084872 14.033792 302.470 166.436 134.217 6.250e+07 2
860 0.555839 10.331280 15.104888 -203.005 204.901 46.748 6.250e+07 2
861 -5.248574 8.655812 14.251295 163.060 -129.507 -137.183 6.250e+07 2
862 -4.453143 9.053739 14.434504 176.716 7.323 -30.560 6.250e+07 2
863 -9.373103 18.430426 14.179022 -110.053 -152.004 0.615 6.250e+07 2
864 -5.187297 11.738594 14.342067 -84.680 -25.798 85.575 6.250e+07 2
865 -1.474244 9.604625 14.387366 -94.824 338.465 -24.638 6.250e+07 2
866 7.388049 10.500441 14.691611 21.298 124.595 -19.116 6.250e+07 2
867 2.032572 11.724959 16.079739 -232.542 -10.851 -67.265 6.250e+07 2
868 -5.660474 6.230265 16.284674 78.637 -246.455 112.772 6.250e+07 2
869 -1.203930 8.171393 14.610240 107.301 76.651 70.230 6.250e+07 2
870 -2.400091 9.106988 14.025959 17.741 -11.684 216.134 6.250e+07 2
871 -2.628668 12.958273 14.430587 -91.537 205.134 97.433 6.250e+07 2
872 -2.814683 9.966769 15.021399 113.392 -2.382 -19.566 6.250e+07 2
873 1.024524 10.350877 14.872617 85.845 198.212 -57.069 6.250e+07 2
874 -10.688128 9.558800 15.232226 -33.297 -196.598 122.112 6.250e+07 2
875 -1.992070 10.268295 15.310232 68.062 195.301 142.143 6.250e+07 2
876 -1.994922 10.846760 14.352772 -177.878 87.660 26.876 6.250e+07 2
877 0.076661 4.281185 14.319237 155.473 121.078 33.046 6.250e+07 2
878 -11.011308 8.741081 14.763099 31.815 -130.388 -6.753 6.250e+07 2
879 -0.718360 15.999871 13.759991 -149.091 59.378 -11.435 6.250e+07 2
880 -1.079539 9.017836 14.473681 -231.721 49.854 254.496 6.250e+07 2
881 -3.344033 8.998015 14.402532 -51.830 -137.736 230.503 6.250e+07 2
882 -6.887384 10.533149 16.853765 11.134 -105.043 59.372 6.250e+07 2
883 -1.627269 5.332456 16.208679 123.686 27.131 -34.199 6.250e+07 2
884 -2.982652 10.529279 14.604043 -5.642 -212.174 -69.554 6.250e+07 2
885 -3.080132 2.479765 13.957434 145.185 90.326 42.369 6.250e+07 2
886 -0.472735 7.121005 13.589910 164.358 122.576 45.991 6.250e+07 2
887 -6.302350 4.467606 14.738168 300.565 -100.132 44.457 6.250e+07 2
888 -4.105389 7.266933 14.872022 79.524 -31.075 -31.603 6.250e+07 2
889 -0.575519 8.958325 14.634073 146.174 192.844 -15.788 6.250e+07 2
890 -0.535644 12.509851 13.957032 -342.582 63.038 169.625 6.250e+07 2
891 -7.636587 8.896105 14.141602 105.661 -106.738 -55.066 6.250e+07 2
892 -1.472747 10.383461 14.439193 -95.207 -12.423 -186.309 6.250e+07 2
893 -3.172298 11.362885 14.269559 -237.496 216.612 60.855 6.250e+07 2
894 0.871860 9.263859 14.131363 85.361 277.724 -85.467 6.250e+07 2
895 -6.435665 11.422318 14.796944 -232.164 -159.833 159.120 6.250e+07 2
896 -5.183704 13.566128 14.398335 -16.909 -233.073 -52.402 6.250e+07 2
897 -2.250167 10.104459 14.815943 173.412 -64.549 -59.230 6.250e+07 2
898 -2.970489 11.695285 15.622202 -165.538 137.021 105.571 6.250e+07 2
899 -3.408738 11.281604 14.795032 107.374 -177.875 1.742 6.250e+07 2
900 -0.799427 8.768073 14.584937 61.758 -0.151 94.429 6.250e+07 2
901 -11.236102 7.913316 13.983485 27.921 -88.937 9.241 6.250e+07 2
902 -1.824230 8.938648 14.332925 -100.357 195.290 124.915 6.250e+07 2
903 -1.821438 11.934559 14.423243 -16.947 7.812 9.736 6.250e+07 2
904 -2.685890 10.322979 14.632548 24.498 -24.246 -167.308 6.250e+07 2
905 0.197705 10.454879 13.282900 -26.926 -37.365 59.669 6.250e+07 2
906 -2.906915 6.746739 13.437298 177.838 237.595 8.219 6.250e+07 2
907 -3.234253 11.375312 17.282124 -51.648 17.711 67.155 6.250e+07 2
908 -0.833546 9.504223 15.334064 -80.458 118.114 4.888 6.250e+07 2
909 -2.753354 7.769458 16.286759 147.440 2.687 55.758 6.250e+07 2
910 -5.786052 1.633814 12.700224 182.702 -31.165 83.145 6.250e+07 2
911 -3.608603 9.220087 14.078572 102.598 -92.815 79.136 6.250e+07 2
912 -2.772763 10.271239 13.989034 85.750 24.120 403.877 6.250e+07 2
913 -3.715652 12.863589 13.640615 -147.531 27.778 141.170 6.250e+07 2
914 -1.945289 10.141991 14.923550 -11.539 151.875 -30.483 6.250e+07 2
915 -2.925301 10.650286 15.214989 170.119 165.968 103.197 6.250e+07 2
916 -3.319336 12.522563 14.658729 -116.681 -257.551 36.208 6.250e+07 2
917 -5.123046 6.371309 13.794411 68.545 216.070 77.504 6.250e+07 2
918 -2.336321 11.905214 14.487816 -269.828 101.440 75.280 6.250e+07 2
919 -2.495239 5.704746 15.089424 95.969 127.470 107.034 6.250e+07 2
920 4.956860 7.794932 13.057862 -32.418 254.792 -26.860 6.250e+07 2
921 149.257813 91.331085 55.556865 166.517 106.168 70.435 6.250e+07 2
922 0.065320 11.643149 16.387288 -20.675 103.936 51.845 6.250e+07 2
923 -6.498699 14.584265 15.443375 -70.785 -51.677 45.473 6.250e+07 2
924 -1.141995 9.239298 15.144965 -72.851 -30.997 -8.568 6.250e+07 2
925 0.462727 13.553472 12.858314 -179.323 59.992 77.785 6.250e+07 2
926 -2.845085 10.238509 14.657568 37.312 -98.185 39.458 6.250e+07 2
927 -3.861331 16.902473 13.217145 -63.065 -71.230 106.480 6.250e+07 2
928 -1.500501 4.221681 14.352092 176.587 86.707 30.126 6.250e+07 2
929 -2.080750 10.202942 14.895072 -10.547 -142.776 158.950 6.250e+07 2
930 -1.677836 12.205314 13.497385 -266.043 62.361 36.536 6.250e+07 2
931 -4.112418 5.296153 14.782157 175.422 91.860 -53.374 6.250e+07 2
932 -4.053196 11.397474 14.690905 -270.828 -59.829 -100.300 6.250e+07 2
933 12.852421 6.010865 15.096721 -77.966 134.622 18.093 6.250e+07 2
934 -1.641749 10.674002 14.572084 -4.373 -92.643 202.837 6.250e+07 2
935 337.591411 251.898782 36.597739 514.410 384.470 57.462 6.250e+07 2
936 -2.647171 10.375922 14.665898 -17.131 212.085 -132.846 6.250e+07 2
937 -3.176596 9.652744 14.712982 139.068 -172.170 -137.994 6.250e+07 2
938 -1.620009 8.750775 14.306095 129.588 110.152 21.499 6.250e+07 2
939 -2.570631 10.593248 13.756538 -125.541 -29.334 191.396 6.250e+07 2
940 -6.941441 7.565080 14.524504 169.136 -12.091 3.299 6.250e+07 2
941 -3.433146 6.712193 15.212833 145.829 105.950 1.393 6.250e+07 2
942 -5.161473 6.379614 13.812104 94.749 233.193 100.755 6.250e+07 2
943 1.964201 17.181477 15.003309 -198.886 -12.904 -39.017 6.250e+07 2
944 -5.357336 11.763063 15.861447 37.559 -188.586 35.014 6.250e+07 2
945 -3.084244 1.618248 14.874612 227.016 -58.810 54.802 6.250e+07 2
946 -4.494962 12.083145 14.204530 -344.411 -159.258 168.059 6.250e+07 2
947 -4.252911 9.014401 14.682274 138.388 -116.964 51.162 6.250e+07 2
948 -3.102666 9.682425 14.780171 141.576 57.560 -46.259 6.250e+07 2
949 1.857857 8.615171 14.611153 -179.234 217.071 96.011 6.250e+07 2
950 -2.587238 10.232967 15.019423 120.399 261.840 44.723 6.250e+07 2
951 -1.596721 9.757019 14.301257 128.812 33.505 -92.473 6.250e+07 2
952 5.062261 13.197043 14.685254 23.604 159.253 67.025 6.250e+07 2
953 -14.806227 15.011941 17.524764 -125.846 -103.629 3.998 6.250e+07 2
954 -117.692504 294.747629 -46.788074 -171.106 427.782 -65.865 6.250e+07 2
955 -3.573310 13.405158 13.332539 -203.647 30.072 -7.172 6.250e+07 2
956 -3.920095 9.564476 15.282659 203.016 -33.011 56.246 6.250e+07 2
957 -1.410776 10.801562 14.545408 -71.143 -78.777 -146.330 6.250e+07 2
958 -0.666166 7.833754 15.098761 152.670 306.024 82.347 6.250e+07 2
959 -4.305652 8.688072 13.884709 153.066 -254.762 57.956 6.250e+07 2
960 -7.610635 14.176445 13.992631 -59.652 -212.635 20.833 6.250e+07 2
961 -4.076076 14.646871 14.112422 -160.792 101.651 55.614 6.250e+07 2
962 -1.628527 10.642559 14.062503 -101.907 100.600 -24.524 6.250e+07 2
963 -0.941962 11.870179 14.585576 -105.890 173.807 -26.250 6.250e+07 2
964 -1.934044 9.732211 14.592668 52.044 -111.748 171.973 6.250e+07 2
965 -0.523738 7.233595 16.036603 59.466 247.007 -80.980 6.250e+07 2
966 3.167796 4.137079 14.228097 71.844 47.880 -55.891 6.250e+07 2
967 -0.951477 10.014718 15.096905 -219.409 225.921 -136.394 6.250e+07 2
968 8.804688 12.590076 18.408084 80.331 157.704 33.063 6.250e+07 2
969 0.683013 21.279398 14.589742 -123.547 -30.322 -3.344 6.250e+07 2
970 -3.082756 11.727594 14.883267 -7.225 -212.407 52.918 6.250e+07 2
971 -3.769353 11.871340 14.647095 -203.945 64.244 136.146 6.250e+07 2
972 -3.248967 10.738086 14.681193 188.736 -54.404 129.437 6.250e+07 2
973 -3.139967 13.175754 13.986597 -113.090 14.136 -95.801 6.250e+07 2
974 -4.044863 9.517090 14.565992 88.623 -259.241 142.604 6.250e+07 2
975 -2.236788 9.909076 13.727689 -314.960 -17.366 -145.487 6.250e+07 2
976 -1.402596 9.391880 16.203186 -7.250 -5.858 -151.314 6.250e+07 2
977 -3.264826 10.376356 14.618039 -121.819 -189.013 102.015 6.250e+07 2
978 -7.525648 8.406415 15.243454 120.874 -176.130 -75.601 6.250e+07 2
979 -2.660851 12.271012 14.115166 -173.229 10.619 21.650 6.250e+07 2
980 -0.448203 9.792500 12.892196 -90.144 69.633 -29.986 6.250e+07 2
981 -2.687808 14.173657 14.215054 -229.024 -90.180 41.505 6.250e+07 2
982 -3.830897 9.485946 14.607090 1.842 28.926 159.887 6.250e+07 2
983 -2.288515 9.743782 15.034122 -145.357 -207.941 -30.433 6.250e+07 2
984 -0.824925 10.077635 14.657896 -211.366 160.619 127.891 6.250e+07 2
985 -1.470909 7.522042 14.028928 249.034 62.585 -40.878 6.250e+07 2
986 -1.963415 9.994436 13.623252 -175.433 147.686 -27.904 6.250e+07 2
987 7.707541 12.932902 17.184512 55.396 130.197 84.343 6.250e+07 2
988 -12.200329 21.314846 9.558973 -53.317 -80.892 74.420 6.250e+07 2
989 -2.234021 9.861017 14.383635 -20.831 331.735 -170.808 6.250e+07 2
990 -2.687455 10.620537 14.944690 92.144 -22.892 69.186 6.250e+07 2
991 -4.648425 7.912891 18.097881 106.497 -4.388 -59.055 6.250e+07 2
992 -17.990186 16.984619 17.403553 -70.371 -32.623 10.317 6.250e+07 2
993 -0.771863 9.681183 13.499532 -24.863 87.389 -94.552 6.250e+07 2
994 -0.511308 6.111898 13.383684 240.196 53.833 68.892 6.250e+07 2
995 -2.568054 8.419496 14.571230 54.914 160.629 -117.161 6.250e+07 2
996 -6.191661 9.992674 15.190908 -34.791 -1.599 73.277 6.250e+07 2
997 -3.845790 4.006677 16.896707 124.939 55.513 67.757 6.250e+07 2
998 -4.821448 11.556645 13.901702 101.621 -142.789 77.438 6.250e+07 2
999 -2.532846 10.876068 14.210364 -201.427 -113.332 -143.498 6.250e+07 2
